100042
100043
100047
100053
100108
100130
100158
100208
100226
100282
100300
100302
100303
100304
100305
100306
100307
100309
100310
100312
100313
100320
100331
100335
100395
100516
100563
100645
100673
100677
100683
100685
100691
100692
100697
100703
100705
100707
100709
100715
100725
100727
100728
100742
100745
100751
100753
100755
100758
100759
100760
100761
100763
100764
100765
100766
100778
100784
100787
100792
100800
100805
100838
100852
100861
100862
100891
100892
100902
100916
100954
100958
100959
100988
101003
101018
101023
101024
101025
101027
101040
101054
