 64    0.107142 
 98   0.0730177 
102   0.0686662 
 73   0.0629606 
 95   0.0405401 
 75   0.0375862 
 23   0.0372326 
 65   0.0338732 
 74    0.033092 
  0   0.0261348 
 24   0.0261348 
 54   0.0250133 
 11   0.0230662 
 84   0.0202529 
  4   0.0187582 
 43   0.0168789 
 85   0.0164509 
 80   0.0164509 
 83   0.0160136 
  9   0.0153408 
  8   0.0150316 
109   0.0149418 
 27   0.0138766 
 90   0.0138017 
 96   0.0136765 
 40   0.0126915 
 55    0.012016 
 18   0.0116513 
108   0.0114044 
 21  0.00996399 
 82  0.00913582 
 99  0.00895072 
 67  0.00895072 
 26  0.00894007 
 94  0.00858361 
 92  0.00858361 
101  0.00765554 
 28  0.00729609 
 89  0.00674468 
105  0.00633705 
107  0.00632248 
104  0.00544663 
 29  0.00512586 
 60  0.00444285 
 33  0.00433335 
 30  0.00433335 
  2  0.00433335 
 79   0.0037568 
 69  0.00367674 
 14  0.00343472 
 17  0.00342386 
 47  0.00239323 
 76    0.002309 
 97  0.00171461 
  1  0.00170417 
 70  0.00146902 
 58  0.00146902 
 63  0.00146902 
 78  0.00136956 
 86  0.00136956 
 93  0.00115746 
 12   0.0011152 
 71  0.00102145 
 36 0.000721364 
112 0.000689606 
  5 0.000628197 
 22 0.000628197 
 68 0.000541087 
 10   0.0005278 
 53 0.000521341 
106 0.000420332 
 57 0.000365167 
  7 0.000314086 
 66 0.000289295 
 72 0.000271549 
 62  0.00024942 
 25 0.000234515 
 59 0.000231388 
 91 0.000198904 
 19  0.00018192 
  3 0.000162416 
 61 0.000159842 
 16  0.00015078 
 20  0.00014945 
103 0.000124486 
100 0.000107404 
  6 0.000101165 
 49           0 
111           0 
110           0 
 56           0 
 52           0 
 51           0 
 50           0 
 13           0 
 15           0 
 77           0 
 81           0 
 48           0 
 31           0 
 32           0 
 34           0 
 35           0 
 46           0 
 37           0 
 38           0 
 88           0 
 87           0 
 39           0 
 41           0 
 42           0 
 44           0 
 45           0 
