  0   0.0261348 
  1  0.00170417 
  2  0.00433335 
  3 0.000162416 
  4   0.0187582 
  5 0.000628197 
  6 0.000101165 
  7 0.000314086 
  8   0.0150316 
  9   0.0153408 
 10   0.0005278 
 11   0.0230662 
 12   0.0011152 
 13           0 
 14  0.00343472 
 15           0 
 16  0.00015078 
 17  0.00342386 
 18   0.0116513 
 19  0.00018192 
 20  0.00014945 
 21  0.00996399 
 22 0.000628197 
 23   0.0372326 
 24   0.0261348 
 25 0.000234515 
 26  0.00894007 
 27   0.0138766 
 28  0.00729609 
 29  0.00512586 
 30  0.00433335 
 31           0 
 32           0 
 33  0.00433335 
 34           0 
 35           0 
 36 0.000721364 
 37           0 
 38           0 
 39           0 
 40   0.0126915 
 41           0 
 42           0 
 43   0.0168789 
 44           0 
 45           0 
 46           0 
 47  0.00239323 
 48           0 
 49           0 
 50           0 
 51           0 
 52           0 
 53 0.000521341 
 54   0.0250133 
 55    0.012016 
 56           0 
 57 0.000365167 
 58  0.00146902 
 59 0.000231388 
 60  0.00444285 
 61 0.000159842 
 62  0.00024942 
 63  0.00146902 
 64    0.107142 
 65   0.0338732 
 66 0.000289295 
 67  0.00895072 
 68 0.000541087 
 69  0.00367674 
 70  0.00146902 
 71  0.00102145 
 72 0.000271549 
 73   0.0629606 
 74    0.033092 
 75   0.0375862 
 76    0.002309 
 77           0 
 78  0.00136956 
 79   0.0037568 
 80   0.0164509 
 81           0 
 82  0.00913582 
 83   0.0160136 
 84   0.0202529 
 85   0.0164509 
 86  0.00136956 
 87           0 
 88           0 
 89  0.00674468 
 90   0.0138017 
 91 0.000198904 
 92  0.00858361 
 93  0.00115746 
 94  0.00858361 
 95   0.0405401 
 96   0.0136765 
 97  0.00171461 
 98   0.0730177 
 99  0.00895072 
100 0.000107404 
101  0.00765554 
102   0.0686662 
103 0.000124486 
104  0.00544663 
105  0.00633705 
106 0.000420332 
107  0.00632248 
108   0.0114044 
109   0.0149418 
110           0 
111           0 
112 0.000689606 
