  0 0.000290365 
  1   0.0205293 
  2           0 
  3           0 
  4     0.10529 
  5   0.0208097 
  6           0 
  7           0 
  8  0.00515323 
  9   0.0136592 
 10  0.00329556 
 11   0.0136592 
 12  0.00456585 
 13  0.00715653 
 14   0.0119823 
 15    0.208069 
 16  0.00436565 
 17  0.00329556 
 18   0.0204925 
 19   0.0432567 
 20   0.0209832 
 21           0 
 22           0 
 23  0.00678353 
 24           0 
 25  0.00610327 
 26           0 
 27  0.00015138 
 28  0.00151661 
 29  0.00123153 
 30   0.0141654 
 31   0.0102698 
 32   0.0215547 
 33  0.00584674 
 34           0 
 35   0.0102698 
 36           0 
 37  0.00232197 
 38   0.0212367 
 39   0.0933308 
 40   0.0119357 
 41           0 
 42   0.0231309 
 43           0 
 44           0 
 45           0 
 46 0.000198912 
 47  0.00598649 
 48           0 
 49   0.0225763 
 50           0 
 51           0 
 52  0.00715653 
 53   0.0143689 
 54 0.000808591 
 55           0 
 56           0 
 57           0 
 58   0.0142024 
 59           0 
 60 0.000809113 
 61           0 
 62           0 
 63   0.0067876 
 64           0 
 65           0 
 66           0 
 67           0 
 68           0 
 69  0.00280373 
 70  0.00406267 
 71   0.0147534 
 72   0.0288811 
 73   0.0450686 
 74  0.00284519 
 75   0.0321931 
 76  0.00944511 
 77           0 
 78           0 
 79           0 
 80           0 
 81           0 
 82   0.0103415 
 83           0 
 84   0.0205487 
 85  0.00135735 
 86   0.0103118 
 87           0 
 88   0.0077901 
