 15    0.208069 
  4     0.10529 
 39   0.0933308 
 73   0.0450686 
 19   0.0432567 
 75   0.0321931 
 72   0.0288811 
 42   0.0231309 
 49   0.0225763 
 32   0.0215547 
 38   0.0212367 
 20   0.0209832 
  5   0.0208097 
 84   0.0205487 
  1   0.0205293 
 18   0.0204925 
 71   0.0147534 
 53   0.0143689 
 58   0.0142024 
 30   0.0141654 
 11   0.0136592 
  9   0.0136592 
 14   0.0119823 
 40   0.0119357 
 82   0.0103415 
 86   0.0103118 
 35   0.0102698 
 31   0.0102698 
 76  0.00944511 
 88   0.0077901 
 52  0.00715653 
 13  0.00715653 
 63   0.0067876 
 23  0.00678353 
 25  0.00610327 
 47  0.00598649 
 33  0.00584674 
  8  0.00515323 
 12  0.00456585 
 16  0.00436565 
 70  0.00406267 
 10  0.00329556 
 17  0.00329556 
 74  0.00284519 
 69  0.00280373 
 37  0.00232197 
 28  0.00151661 
 85  0.00135735 
 29  0.00123153 
 60 0.000809113 
 54 0.000808591 
  0 0.000290365 
 46 0.000198912 
 27  0.00015138 
 41           0 
 43           0 
 24           0 
 36           0 
 26           0 
  7           0 
 77           0 
 78           0 
 79           0 
 80           0 
 81           0 
  6           0 
 83           0 
  3           0 
 34           0 
  2           0 
 87           0 
 62           0 
 50           0 
 21           0 
 55           0 
 56           0 
 57           0 
 48           0 
 59           0 
 61           0 
 22           0 
 45           0 
 64           0 
 65           0 
 66           0 
 67           0 
 68           0 
 44           0 
 51           0 
