10002
10006
159
5784
5811
6150
6184
6244
6898
6911
6915
6929
6932
6938
6939
6945
6958
6963
6979
7000
7002
7003
7025
7063
7092
7127
7143
7164
7186
7217
7255
7288
7298
7316
7323
7346
7347
7372
7378
7411
763
765
766
768
772
8214
8230
8231
8247
8249
8351
8354
8387
9416
9470
9506
9518
9537
9542
9549
9555
9557
9559
9564
9565
9594
9600
9606
9637
9653
9758
9759
9764
9837
9879
9910
9940
9992
100001
100002
10011
10013
10014
265
5151
5165
5768
6013
6025
6040
6073
6074
6108
6177
6180
6188
6195
6209
6216
6243
6940
6961
6987
7008
7013
7028
7031
7036
7062
7067
7071
7077
7103
7106
7125
7126
7165
7203
7209
7218
7244
7268
7273
7276
7282
7287
7296
7333
7353
7384
7394
7404
7521
8240
8311
8312
8357
8376
9057
9058
9323
9371
9394
9427
9481
9507
9510
9512
9517
9521
9522
9523
9524
9526
9527
9528
9529
9534
9535
9539
9544
9547
9548
9560
9562
9574
9577
9579
9584
9586
9587
9591
9595
9596
9597
9598
9602
9612
9619
9625
9629
9632
9634
9640
9643
9649
9657
9659
9697
9698
9699
9713
9716
9719
9723
9726
9736
9737
9739
9741
9743
9748
9749
9761
9766
9769
9774
9775
9779
9781
9782
9784
9803
9804
9813
9814
9820
9857
9920
9921
9925
9933
9941
9944
9965
9966
9977
9978
9985
5772
9947
