  0 0.000230925 
  1           0 
  2  0.00436553 
  3  0.00371047 
  4  0.00767905 
  5   0.0121484 
  6   0.0189791 
  7  0.00114897 
  8   0.0229217 
  9  0.00328165 
 10 0.000477456 
 11   0.0528903 
 12  0.00260205 
 13           0 
 14  0.00196388 
 15           0 
 16 0.000219536 
 17  0.00402581 
 18           0 
 19  0.00315289 
 20  0.00418074 
 21           0 
 22   0.0121484 
 23           0 
 24 0.000230925 
 25           0 
 26   0.0319547 
 27           0 
 28  0.00257946 
 29   0.0016061 
 30  0.00436553 
 31           0 
 32           0 
 33  0.00436553 
 34           0 
 35           0 
 36           0 
 37           0 
 38           0 
 39           0 
 40   0.0345143 
 41           0 
 42           0 
 43   0.0709584 
 44           0 
 45   0.0243067 
 46           0 
 47   0.0113163 
 48 0.000490918 
 49           0 
 50           0 
 51   0.0164315 
 52           0 
 53           0 
 54   0.0149132 
 55  0.00950982 
 56           0 
 57  0.00268496 
 58  0.00839371 
 59   0.0301625 
 60  0.00063648 
 61  0.00401345 
 62   0.0132549 
 63  0.00839371 
 64  0.00804251 
 65    0.110675 
 66           0 
 67 0.000198846 
 68  0.00625802 
 69           0 
 70  0.00839371 
 71   0.0139343 
 72  0.00163661 
 73    0.062299 
 74  0.00222774 
 75    0.012372 
 76           0 
 77           0 
 78   0.0194323 
 79           0 
 80 0.000290248 
 81           0 
 82   0.0456529 
 83   0.0495351 
 84           0 
 85 0.000290248 
 86   0.0194323 
 87           0 
 88           0 
 89 0.000132252 
 90  0.00016313 
 91           0 
 92   0.0129598 
 93  0.00338209 
 94   0.0129598 
 95           0 
 96   0.0514256 
 97 0.000873341 
 98   0.0571345 
 99 0.000198846 
100  0.00319955 
101  0.00961171 
102 0.000106399 
103           0 
104   0.0138003 
105  0.00528945 
106   0.0103152 
107           0 
108 0.000105166 
109  0.00422886 
110           0 
111 0.000154802 
112  0.00207837 
