 65    0.110675 
 43   0.0709584 
 73    0.062299 
 98   0.0571345 
 11   0.0528903 
 96   0.0514256 
 83   0.0495351 
 82   0.0456529 
 40   0.0345143 
 26   0.0319547 
 59   0.0301625 
 45   0.0243067 
  8   0.0229217 
 78   0.0194323 
 86   0.0194323 
  6   0.0189791 
 51   0.0164315 
 54   0.0149132 
 71   0.0139343 
104   0.0138003 
 62   0.0132549 
 94   0.0129598 
 92   0.0129598 
 75    0.012372 
  5   0.0121484 
 22   0.0121484 
 47   0.0113163 
106   0.0103152 
101  0.00961171 
 55  0.00950982 
 70  0.00839371 
 63  0.00839371 
 58  0.00839371 
 64  0.00804251 
  4  0.00767905 
 68  0.00625802 
105  0.00528945 
 33  0.00436553 
 30  0.00436553 
  2  0.00436553 
109  0.00422886 
 20  0.00418074 
 17  0.00402581 
 61  0.00401345 
  3  0.00371047 
 93  0.00338209 
  9  0.00328165 
100  0.00319955 
 19  0.00315289 
 57  0.00268496 
 12  0.00260205 
 28  0.00257946 
 74  0.00222774 
112  0.00207837 
 14  0.00196388 
 72  0.00163661 
 29   0.0016061 
  7  0.00114897 
 97 0.000873341 
 60  0.00063648 
 48 0.000490918 
 10 0.000477456 
 80 0.000290248 
 85 0.000290248 
 24 0.000230925 
  0 0.000230925 
 16 0.000219536 
 67 0.000198846 
 99 0.000198846 
 90  0.00016313 
111 0.000154802 
 89 0.000132252 
102 0.000106399 
108 0.000105166 
103           0 
110           0 
 87           0 
 91           0 
 88           0 
 84           0 
107           0 
 95           0 
 56           0 
 38           0 
  1           0 
 13           0 
 15           0 
 18           0 
 21           0 
 23           0 
 25           0 
 27           0 
 31           0 
 32           0 
 34           0 
 35           0 
 36           0 
 37           0 
 81           0 
 39           0 
 41           0 
 42           0 
 44           0 
 46           0 
 49           0 
 50           0 
 52           0 
 53           0 
 66           0 
 69           0 
 76           0 
 77           0 
 79           0 
