1	44694
1	44727
1	51738
1	102634
1	109720
1	119735
1	123331
1	129994
1	130857
1	132637
1	143854
1	154361
1	173722
1	174087
1	174332
1	176904
1	178830
1	179095
1	193422
1	197289
1	198205
1	206118
1	213189
1	215625
1	242429
1	248782
1	251168
1	256627
1	279859
1	280584
1	378911
1	414067
1	414177
1	415258
1	442581
1	453652
1	459460
1	482638
1	486711
1	488650
1	513140
1	516647
1	537899
1	542507
1	542626
1	542888
1	554698
1	560207
1	565724
1	581217
1	583642
1	592237
1	597076
1	600800
1	602305
1	604851
1	610223
1	617018
1	619424
1	625997
1	666367
1	699714
1	700793
1	700862
1	731608
1	747085
1	789374
1	790418
1	880860
1	898379
1	900543
1	911981
1	913620
1	914028
1	936971
1	978703
1	1000894
1	1071763
1	1087624
1	1090017
1	1090288
1	1096745
1	1113701
1	1170589
1	1177641
1	1184241
1	1186427
1	1187842
1	1188549
1	1201325
1	1220933
1	1235060
1	1239083
1	1246313
1	1253047
1	1261466
1	1273213
1	1278994
1	1308354
1	1309215
1	1344414
1	1352628
1	1418552
1	1424037
1	1440874
1	1448394
1	1455103
1	1456865
1	1458654
1	1468722
1	1477597
1	1490321
1	1491788
1	1502767
1	1547353
1	1564326
1	1566411
1	1583673
1	1584621
1	1612874
1	1633593
1	1659046
1	1659696
1	1707584
1	1717962
1	1721609
1	1722183
1	1727305
1	1727376
1	1773134
1	1775174
1	1775495
1	1775974
1	1796018
1	1801704
1	1802059
1	1834107
1	1838192
1	1844184
1	1884713
1	1901586
1	1932414
1	1977822
1	2003619
1	2014586
1	2026784
1	2033739
1	2035211
1	2068837
1	2071514
1	2079641
1	2114445
1	2133281
1	2174367
1	2213200
1	2222422
1	2223737
1	2237321
1	2254952
1	2256212
1	2316651
1	2318071
1	2319769
1	2325347
1	2325703
1	2327541
1	2327671
1	2336149
1	2342346
1	2347724
1	2358841
1	2394530
1	2436820
1	2439661
1	2443058
1	2452185
1	2460894
1	2479847
1	2494176
1	2510877
1	2536736
1	2537776
1	2546527
1	2546649
1	2549136
1	2549166
1	2551095
1	2554305
1	2575653
1	2588406
1	2602982
1	2629873
1	2647850
1	2684481
1	2699066
1	2700014
1	2712174
1	2715111
1	2717418
1	2723135
1	2749380
1	2754492
1	2755212
1	2755230
1	2761489
1	2763455
1	2765066
1	2810727
1	2825718
1	2854801
1	2863823
1	2873330
1	2924575
1	2942666
1	2965679
1	2968206
1	2972554
1	2973971
1	2975115
1	2977014
1	2980233
1	2982267
1	2996178
1	3014435
1	3079600
1	3096205
1	3099550
1	3100616
1	3101676
1	3103128
1	3103216
1	3104294
1	3105769
1	3128251
1	3166374
1	3188303
1	3199337
1	3202892
1	3217683
1	3217869
1	3238794
1	3240261
1	3241969
1	3245334
1	3248816
1	3259140
1	3259319
1	3259938
1	3265137
1	3273009
1	3277772
1	3284573
1	3289087
1	3292038
1	3300038
1	3300533
1	3309961
1	3338215
1	3338331
1	3339308
1	3340023
1	3342182
1	3351573
1	3352910
1	3355726
1	3376379
1	3378599
1	3379316
1	3380262
1	3382412
1	3382907
1	3383056
1	3387729
1	3388302
1	3441063
1	3443691
1	3475698
1	3499793
1	3515841
1	3516582
1	3517935
1	3522560
1	3524043
1	3526860
1	3538632
1	3547795
1	3572448
1	3590468
1	3591245
1	3595308
1	3601563
1	3615017
1	3624898
1	3625406
1	3626138
1	3626955
1	3634281
1	3636394
1	3641711
1	3648985
1	3681272
1	3681854
1	3698353
1	3713891
1	3716490
1	3731103
1	3733807
1	3736028
1	3736957
1	3738246
1	3752557
1	3753830
1	3755025
1	3761324
1	3763754
1	3767437
1	3811933
1	3856621
1	3863064
1	3874714
1	3874815
1	3876608
1	3879106
1	3879436
1	3880274
1	3882597
1	3882753
1	3885288
1	3885878
1	3888909
1	3905529
1	3906195
1	3912160
1	3920780
1	3922294
1	3924209
1	3932978
1	3937096
1	3954261
1	3954351
1	4030482
1	4031117
1	4032248
1	4032557
1	4033179
1	4036563
1	4037664
1	4039626
1	4054651
1	4057923
1	4063909
1	4075513
1	4075807
1	4077338
1	4120183
1	4121356
1	4130363
1	4130384
1	4132692
1	4134992
1	4135144
1	4135195
1	4135622
1	4137385
1	4138133
1	4141447
1	4141676
1	4143005
1	4143484
1	4147996
1	4148068
1	4149192
1	4149852
1	4155405
1	4188906
1	4219117
1	4220599
1	4228006
1	4268793
1	4269359
1	4287912
1	4306880
1	4307551
1	4308266
1	4318076
1	4320145
1	4347921
1	4361608
1	4371882
1	4376682
1	4386476
1	4390721
1	4468051
1	4470125
1	4478331
1	4494338
1	4528948
1	4550504
1	4562056
1	4563147
1	4563230
1	4569151
1	4579913
1	4585632
1	4610643
1	4616041
1	4635379
1	4652413
1	4655540
1	4693838
1	4713821
1	4740660
1	4760536
1	4782287
1	4785071
1	4789259
1	4796143
1	4809435
1	4830517
1	4833063
1	4837547
1	4841270
1	4842660
1	4851344
1	4852263
1	4853461
1	4854473
1	4856717
1	4856795
1	4856798
1	4859976
1	4869464
1	4892332
1	4942929
1	4943495
1	4951551
1	4954192
1	4955099
1	4959138
1	4965799
1	4970266
1	4971992
1	5020821
1	5026962
1	5031150
1	5032303
1	5033574
1	5033938
1	5034708
1	5034722
1	5035734
1	5035779
1	5041175
1	5046567
1	5053157
1	5065296
1	5071034
1	5082366
1	5091892
1	5092136
1	5095876
1	5100981
1	5107228
1	5108384
1	5113523
1	5116602
1	5118616
1	5122492
1	5126588
1	5130514
1	5147025
1	5168028
1	5171203
1	5171798
1	5175085
1	5189156
1	5191083
1	5194404
1	5196351
1	5208090
1	5221180
1	5240799
1	5255920
1	5269194
1	5271978
1	5273503
1	5289973
1	5297213
1	5316149
1	5322833
1	5323870
1	5324316
1	5324844
1	5339274
1	5349360
1	5363487
1	5376388
1	5380417
1	5507639
1	5523865
1	5537330
1	5541131
1	5545509
1	5546652
1	5553598
1	5554572
1	5557023
1	5558916
1	5560085
1	5560091
1	5560381
1	5581115
1	5581997
1	5582126
1	5586316
1	5590391
1	5590432
1	5590793
1	5590801
1	5592688
1	5601516
1	5613794
1	5615687
1	5621994
1	5623867
1	5623999
1	5624100
1	5624394
1	5624913
1	5638175
1	5640189
1	5640530
1	5642369
1	5642757
1	5649383
1	5682130
1	5684606
1	5692978
1	5702076
1	5711379
1	5726160
1	5726367
1	5732465
1	5740448
1	5757275
1	5759008
1	5770326
1	5772657
1	5775689
1	5777134
1	5777334
1	5810897
1	5812674
1	5826515
1	5828152
1	5858522
1	5860518
1	5866880
1	5867162
1	5868995
1	5869060
1	5873967
1	5874920
1	5881197
1	5884322
1	5888511
1	5902276
1	5903639
1	5905268
1	5907585
1	5909987
1	5925062
1	5926650
1	5940118
1	5943178
1	5944404
1	5944853
1	5970865
1	6108228
1	6114358
1	6118019
1	6118222
1	6120613
1	6121583
1	6127637
1	6127706
1	6128927
1	6132486
1	6132853
1	6248971
1	6253646
1	6277430
1	6283269
1	6293495
1	6298773
1	6308091
1	6308836
1	6333987
1	6336767
1	6336769
1	6337528
1	6338272
1	6380919
1	6422005
1	6422350
1	6459493
1	6473302
1	6473899
1	6475419
1	6503166
1	6548464
1	6581164
1	6615432
1	6620571
1	6625801
1	6626972
1	6636598
1	6661065
1	6676211
1	6679014
1	6724316
1	6756781
1	6772314
1	6778596
1	6782787
1	6790494
1	6812510
1	6861862
1	6868085
1	6885387
1	6909777
1	6923469
1	6953519
1	6957558
1	6967757
1	6971893
1	6973265
1	6995244
1	7004587
1	7005720
1	7008656
1	7011124
1	7012091
1	7013189
1	7043497
1	7049751
1	7063686
1	7087325
1	7088179
1	7093317
1	7110720
1	7112618
1	7122708
1	7124343
1	7124896
1	7125186
1	7125602
1	7130033
1	7138479
1	7152226
1	7160653
1	7177114
1	7178085
1	7194011
1	7203160
1	7230943
1	7232874
1	7233043
1	7233508
1	7235410
1	7236751
1	7270806
1	7281565
1	7323816
1	7340600
1	7366840
1	7368459
1	7371089
1	7398979
1	7401874
1	7407601
1	7414399
1	7416562
1	7426174
1	7427611
1	7428905
1	7445756
1	7447430
1	7448043
1	7462714
1	7467462
1	7495311
1	7510143
1	7513049
1	7522524
1	7523380
1	7524724
1	7525991
1	7541405
1	7609328
1	7613624
1	7614038
1	7614101
1	7615496
1	7630781
1	7634425
1	7635627
1	7636298
1	7644637
1	7648762
1	7651133
1	7652896
1	7669470
1	7672989
1	7674892
1	7702442
1	7702876
1	7703801
1	7703961
1	7724791
1	7747455
1	7749032
1	7804727
1	7809208
1	7810603
1	7813724
1	7816166
1	7816182
1	7816663
1	7819807
1	7832131
1	7833137
1	7833198
1	7838016
1	7842858
1	7871979
1	7872245
1	7892659
1	7892698
1	7909643
1	7912989
1	7913389
1	7913798
1	7914029
1	7914976
1	7916602
1	7920062
1	7925420
1	7966255
1	7967231
1	7993333
1	8004254
1	8004489
1	8026634
1	8035946
1	8049665
1	8052705
1	8057945
1	8059603
1	8076428
1	8097219
1	8098190
1	8109563
1	8126173
1	8132354
1	8137932
1	8145310
1	8147831
1	8151239
1	8164606
1	8166743
1	8179430
1	8186246
1	8200569
1	8201363
1	8202688
1	8240069
1	8251774
1	8255355
1	8256954
1	8285582
1	8286182
1	8324399
1	8333849
1	8339173
1	8347031
1	8352726
1	8352889
1	8375726
1	8377902
1	8389947
1	8392269
1	8395361
1	8395593
1	8400086
1	8402259
1	8403580
1	8405405
1	8406165
1	8406555
1	8410990
1	8421409
1	8425008
1	8439907
1	8443381
1	8508898
1	8511320
1	8522629
1	8523402
1	8523752
1	8525640
1	8528331
1	8531111
1	8535202
1	8537870
1	8550100
1	8556930
1	8561606
1	8578166
1	8588405
1	8595004
1	8609095
1	8630720
1	8637293
1	8637546
1	8638124
1	8638357
1	8638816
1	8640562
1	8670588
1	8682330
1	8684696
1	8684894
1	8686576
1	8723081
1	8723302
1	8845470
1	8849759
1	8849786
1	8869583
1	8874814
1	8889158
1	8910585
1	8915789
1	8926781
1	8927012
1	8948300
1	8957847
1	8959661
1	8966418
1	8967556
1	9001071
1	9022541
1	9062894
1	9100904
1	9119747
1	9121290
1	9123188
1	9123298
1	9138159
1	9151820
1	9161377
1	9163117
1	9167743
1	9169342
1	9178740
1	9195538
1	9196757
1	9212593
1	9223206
1	9225393
1	9226841
1	9253897
1	9260371
1	9261400
1	9263028
1	9265121
1	9266808
1	9269299
1	9277118
1	9292539
1	9295627
1	9308551
1	9322196
1	9335301
1	9380325
1	9389608
1	9393232
1	9399151
1	9401981
1	9402162
1	9402550
1	9402608
1	9415023
1	9416197
1	9439681
1	9453970
1	9456259
1	9456960
1	9457911
1	9459128
1	9466052
1	9466639
1	9467216
1	9469436
1	9472039
1	9475176
1	9481967
1	9484366
1	9488932
1	9489424
1	9496227
1	9500301
1	9504063
1	9512589
1	9535760
1	9618929
1	9626483
1	9627110
1	9627354
1	9692866
1	9697774
1	9707546
1	9714586
1	9739909
1	9740278
1	9744219
1	9747337
1	9747887
1	9748129
1	9762623
1	9762687
1	9765473
1	9772809
1	9777310
1	9788488
1	9790491
1	9836043
1	9852178
1	9852558
1	9871491
1	9871816
1	9879876
1	9879974
1	9887601
1	9900336
1	9909705
1	9925424
1	9926926
1	9935542
1	9962766
1	9969304
1	9984035
1	10012964
1	10015485
1	10017794
1	10017795
1	10038855
1	10055584
1	10062524
1	10063087
1	10069250
1	10071221
1	10073855
1	10080802
1	10082450
1	10083495
1	10102227
1	10111566
1	10123532
1	10135606
1	10143911
1	10146180
1	10146418
1	10157500
1	10173300
1	10179045
1	10179870
1	10181728
1	10183328
1	10185686
1	10186316
1	10190325
1	10190608
1	10192155
1	10214424
1	10216655
1	10218754
1	10219469
1	10221861
1	10222377
1	10242817
1	10244395
1	10249788
1	10255201
1	10261684
1	10294965
1	10300403
1	10302378
1	10308100
1	10328416
1	10356981
1	10357354
1	10370783
1	10373199
1	10374217
1	10375376
1	10380774
1	10403140
1	10414631
1	10426491
1	10427420
1	10427809
1	10429188
1	10430057
1	10430381
1	10433033
1	10435427
1	10437487
1	10438851
1	10439388
1	10446822
1	10455934
1	10464122
1	10468355
1	10506820
1	10512874
1	10521334
1	10521611
1	10522293
1	10534704
1	10549210
1	10550411
1	10561356
1	10570166
1	10570306
1	10577497
1	10603734
1	10621689
1	10624117
1	10632028
1	10652831
1	10655251
1	10659752
1	10659943
1	10660928
1	10671157
1	10678697
1	10682458
1	10682685
1	10682976
1	10683455
1	10696053
1	10696761
1	10697644
1	10714704
1	10722743
1	10723357
1	10757090
1	10789009
1	10791910
1	10793526
1	10822959
1	10839955
1	10847071
1	10854056
1	10867901
1	10880394
1	10882947
1	10887260
1	10894943
1	10895062
1	10898391
1	10900029
1	10911228
1	10914098
1	10915960
1	10916320
1	10916408
1	10918395
1	10935494
1	10937775
1	10940875
1	10942068
1	10943508
1	10946128
1	10951200
1	10960208
1	10968890
1	10970386
1	10970812
1	10976285
1	10978874
1	10980722
1	10981315
1	10982488
1	10983402
1	10983657
1	10984169
1	10986904
1	10994362
1	11001453
1	11003804
1	11005319
1	11016393
1	11026889
1	11029538
1	11031313
1	11031831
1	11032166
1	11044155
1	11045593
1	11048457
1	11053631
1	11054974
1	11056649
1	11057482
1	11069026
1	11076331
1	11091638
1	11091991
1	11094548
1	11095443
1	11100696
1	11100982
1	11108873
1	11109958
1	11111159
1	11113210
1	11113714
1	11114784
1	11118491
1	11118731
1	11118842
1	11123205
1	11126802
1	11130117
1	11134401
1	11135883
1	11145113
1	11146636
1	11159973
1	11164536
1	11172536
1	11172537
1	11176735
1	11179933
1	11186439
1	11186923
1	11196447
1	11198567
1	11212556
1	11212951
1	11214428
1	11214655
1	11214792
1	11216790
1	11216939
1	11220596
1	11220822
1	11220834
1	11220991
1	11221340
1	11221347
1	11231621
1	11233593
1	11233971
1	11234186
1	11235625
1	11235695
1	11235697
1	11235753
1	11236344
1	11236458
1	11247986
1	11251432
1	11255222
1	11255317
1	11258104
1	11259040
1	11260379
1	11261436
1	11265572
1	11271235
1	11274410
1	11276209
1	11276464
1	11278949
1	11280218
1	11293809
1	11294239
1	11324131
1	11325645
1	11331666
1	11335980
1	11336239
1	11356202
1	11358092
1	11358678
1	11362693
1	11363004
1	11367143
1	11367396
1	11368063
1	11370551
1	11370869
1	11372046
1	11375119
1	11396834
1	11406995
1	11412691
1	11414417
1	11414605
1	11415809
1	11415962
1	11423112
1	11424287
1	11426894
1	11432602
1	11436898
1	11439260
1	11446848
1	11447025
1	11448673
1	11449170
1	11469411
1	11470215
1	11471412
1	11471422
1	11471458
1	11471553
1	11472200
1	11473230
1	11474654
1	11474897
1	11498027
1	11499197
1	11513092
1	11536800
1	11537035
1	11538010
1	11540650
1	11540795
1	11541145
1	11542529
1	11542726
1	11542942
1	11546065
1	11546432
1	11549069
1	11549070
1	11560125
1	11568874
1	11570867
1	11572413
1	11572628
1	11573490
1	11574458
1	11576036
1	11580740
1	11590866
1	11591156
1	11592037
1	11592730
1	11595011
1	11595808
1	11597040
1	11597419
1	11598488
1	11598906
1	11599083
1	11599485
1	11601339
1	11614177
1	11617392
1	11617536
1	11620562
1	11620766
1	11626326
1	11630558
1	11635295
1	11658600
1	11662286
1	11670614
1	11671976
1	11672380
1	11678778
1	11681053
1	11683343
1	11683738
1	11689909
1	11690414
1	11701906
1	11705040
1	11705214
1	11705635
1	11710447
1	11711163
1	11712877
1	11730656
1	11730820
1	11738254
1	11740511
1	11752334
1	11752342
1	11753830
1	11756020
1	11758161
1	11762189
1	11785734
1	11785981
1	11814686
1	11815704
1	11821189
1	11823803
1	11824445
1	11829988
1	11839736
1	11849734
1	11858445
1	11862507
1	11863824
1	11864104
1	11873304
1	11880578
1	11883125
1	11908969
1	11912412
1	11912740
1	11945198
1	11949641
1	11950222
1	11954092
1	11954108
1	11963093
1	11965805
1	11967390
1	11967871
1	11970373
1	11976277
1	11977723
1	11983105
1	11992768
1	11994427
1	11995099
1	11999618
1	12026410
1	12035761
1	12038488
1	12043881
1	12070949
1	12081263
1	12081585
1	12082885
1	12083321
1	12087150
1	12092171
1	12096398
1	12097301
1	12130174
1	12138338
1	12151123
1	12151250
1	12152799
1	12156969
1	12166657
1	12168775
1	12180407
1	12182598
1	12188495
1	12190106
1	12190670
1	12190751
1	12192856
1	12201129
1	12204225
1	12210552
1	12211040
1	12212386
1	12212483
1	12212778
1	12221247
1	12221971
1	12229729
1	12231483
1	12237535
1	12238365
1	12238488
1	12238868
1	12239901
1	12256400
1	12257223
1	12257765
1	12262960
1	12263638
1	12267848
1	12270360
1	12271665
1	12278734
1	12282215
1	12286670
1	12294430
1	12309365
1	12312647
1	12315973
1	12316537
1	12318732
1	12326655
1	12359220
1	12361637
1	12367502
1	12369129
1	12369509
1	12370351
1	12370410
1	12370879
1	12372022
1	12372425
1	12385910
1	12397303
1	12439468
1	12441310
1	12442607
1	12461474
1	12467768
1	12481974
1	12482404
1	12484833
1	12491319
1	12494597
1	12509119
1	12516139
1	12533059
1	12535190
1	12540755
1	12543403
1	12545398
1	12549402
1	12549523
1	12549610
1	12555476
1	12561229
1	12561343
1	12573451
1	12577136
1	12578867
1	12581751
1	12581949
1	12583839
1	12584406
1	12589593
1	12589712
1	12591646
1	12602334
1	12603866
1	12603973
1	12607883
1	12608483
1	12611826
1	12623713
1	12624409
1	12628278
1	12639420
1	12643109
1	12643536
1	12648080
1	12649129
1	12652501
1	12654164
1	12656191
1	12691431
1	12691530
1	12697600
1	12708448
1	12710823
1	12712801
1	12729236
1	12740611
1	12847214
1	12847730
1	12848585
1	12849071
1	12860099
1	12869178
1	12883193
1	12883221
1	12901586
1	12910185
1	12911259
1	12939869
1	12958119
1	12966617
1	12972573
1	12973045
1	12973957
1	12974439
1	12974491
1	12975756
1	12977082
1	12977428
1	12978927
1	12979161
1	12983084
1	12983125
1	12986134
1	12986606
1	12989527
1	12990375
1	12990435
1	12990579
1	12991973
1	12995527
1	12995535
1	13000709
1	13019996
1	13020288
1	13022032
1	13022895
1	13033720
1	13039425
1	13040658
1	13042738
1	13042753
1	13046237
1	13046788
1	13050830
1	13050968
1	13052280
1	13052334
1	13053788
1	13054815
1	13065309
1	13077108
1	13077596
1	13080269
1	13091054
1	13091421
1	13093730
1	13096022
1	13099454
1	13101225
1	13104878
1	13113112
1	13117250
1	13125325
1	13125787
1	13142114
1	13142224
1	13142560
1	13143235
1	13145583
1	13148396
1	13150453
1	13154858
1	13157494
1	13158989
1	13159416
1	13166086
1	13169743
1	13171255
1	13194092
1	13196182
1	13197499
1	13199107
1	13229841
1	13238375
1	13243097
1	13254725
1	13254750
1	13259662
1	13280202
1	13280868
1	13282802
1	13289120
1	13289170
1	13296814
1	13301320
1	13303219
1	13312596
1	13321526
1	13327280
1	13328824
1	13333013
1	13348311
1	13349152
1	13355760
1	13359245
1	13363352
1	13376896
1	13378340
1	13422014
1	13455523
1	13530295
1	13540359
1	13610272
1	13612003
1	13641570
1	13642719
1	13645726
1	13655520
1	13656030
1	13657908
1	13677062
1	13695024
1	13695700
1	13707773
1	13708509
1	13726052
1	13726383
1	13727498
1	13728085
1	13732226
1	13744453
1	13804553
1	13810544
1	13837979
1	13840636
1	13866820
1	13867041
1	13878376
1	13893399
1	13923719
1	13923872
1	13953442
1	13988998
1	14000610
1	14030887
1	14037452
1	14054094
1	14062963
1	14080344
1	14082528
1	14122351
1	14158400
1	14160602
1	14164243
1	14198938
1	14209115
1	14211189
1	14226398
1	14244075
1	14269530
1	14277065
1	14296302
1	14300441
1	14313814
1	14315019
1	14332469
1	14334103
1	15140740
1	15433531
1	15536112
1	15541121
1	15560362
1	15579868
1	15585709
1	15605596
1	15618160
1	15623157
1	15895083
1	15898116
1	15898264
1	15899839
1	15911934
1	15914259
1	15916359
1	15920265
1	15925077
1	15931398
1	15935579
1	15945710
1	15945993
1	15953808
1	15961984
1	15963428
1	15968904
1	15974008
1	15980565
1	16115746
1	16117425
1	16124180
1	16125505
1	16126202
1	16131671
1	16132025
1	16132248
1	16132577
1	16132606
1	16132925
1	16138078
1	16145473
1	16149765
1	16151274
1	16151902
1	16157524
1	16162423
1	16165079
1	16176736
1	16181220
1	16185561
1	16188540
1	16210618
1	16231943
1	16236509
1	16267512
1	16269128
1	16273073
1	16277056
1	16291881
1	16308345
1	16317446
1	16330769
1	16334169
1	16338840
1	16344857
1	16359688
1	16366520
1	16367798
1	16369140
1	16369167
1	16373255
1	16373648
1	16374902
1	16387209
1	16389095
1	16391411
1	16391722
1	16398080
1	16399359
1	16401428
1	16402441
1	16427138
1	16430480
1	16432519
1	16433249
1	16433265
1	16433885
1	16434192
1	16440120
1	16441084
1	16445037
1	16452831
1	16452973
1	16462623
1	16463805
1	16467301
1	16468001
1	16471561
1	16473938
1	16474508
1	16479516
1	16485701
1	16486279
1	16495988
1	16500197
1	16509493
1	16537883
1	16550241
1	16560091
1	16563631
1	16569504
1	16593426
1	16594405
1	16600425
1	16602673
1	16609935
1	16611611
1	16612194
1	16628564
1	16643665
1	16658716
1	16666614
1	16666773
1	16667710
1	16670902
1	16675427
1	16685291
1	16686853
1	16703042
1	16709989
1	16715939
1	16717484
1	16718066
1	16739738
1	16755985
1	16758123
1	16764918
1	16765868
1	16766236
1	16772003
1	16774493
1	16777570
1	16782830
1	16791104
1	16792479
1	16799354
1	16809347
1	16812967
1	16813871
1	16815323
1	16815480
1	16816389
1	16819697
1	16834442
1	16835019
1	16835940
1	16840269
1	16844587
1	16845032
1	16862648
1	16862866
1	16867001
1	16867393
1	16868083
1	16868183
1	16868249
1	16868565
1	16869329
1	16874765
1	16875042
1	16875763
1	16883933
1	16886504
1	16887552
1	16895351
1	16902536
1	16907621
1	16907894
1	16919034
1	16922852
1	16923047
1	16929155
1	16933447
1	16970963
1	16972473
1	16973595
1	16984047
1	16996594
1	17001634
1	17029613
1	17054515
1	17060536
1	17063433
1	17066234
1	17067104
1	17067596
1	17069337
1	17069616
1	17072646
1	17075967
1	17076428
1	17076465
1	17078373
1	17079560
1	17080124
1	17080138
1	17080955
1	17082926
1	17112305
1	17120427
1	17121118
1	17123280
1	17124411
1	17124943
1	17126445
1	17127622
1	17146203
1	17160117
1	17160625
1	17160709
1	17162313
1	17162469
1	17162648
1	17163633
1	17168582
1	17168780
1	17168890
1	17169218
1	17170158
1	17176596
1	17177354
1	17178024
1	17183710
1	17184686
1	17187854
1	17188042
1	17188573
1	17194166
1	17196596
1	17207060
1	17218038
1	17223522
1	17226323
1	17227903
1	17230465
1	17235890
1	17237371
1	17239867
1	17240209
1	17241938
1	17252551
1	17252747
1	17253580
1	17266670
1	17274393
1	17275578
1	17275629
1	17282640
1	17286092
1	17288540
1	17290300
1	17290853
1	17294605
1	17296212
1	17298751
1	17300196
1	17300356
1	17302355
1	17308915
1	17310916
1	17311204
1	17321831
1	17326351
1	17326549
1	17326613
1	17330455
1	17330906
1	17331345
1	17332004
1	17334073
1	17334391
1	17335802
1	17336265
1	17346943
1	17352004
1	17357568
1	17358430
1	17368459
1	17373930
1	17374162
1	17374326
1	17375963
1	17376110
1	17385131
1	17386969
1	17392147
1	17394771
1	17395649
1	17395923
1	17396951
1	17403163
1	17424127
1	17428991
1	17443734
1	17443894
1	17444897
1	17446372
1	17446411
1	17447988
1	17448632
1	17450176
1	17450685
1	17450765
1	17452750
1	17477961
1	17483335
1	17485801
1	17487492
1	17489231
1	17493263
1	17494421
1	17496087
1	17518368
1	17525750
1	17553831
1	17564022
1	17565691
1	17568846
1	17571348
1	17572155
1	17575791
1	17583990
1	17584899
1	17590902
1	17590953
1	17604016
1	17616513
1	17634121
1	17635407
1	17638320
1	17641595
1	17647350
1	17682575
1	17695824
1	17716154
1	17722025
1	17722723
1	17744574
1	17766071
1	17766270
1	17767485
1	17771724
1	17783091
1	17783577
1	17784014
1	17784096
1	17785498
1	17786295
1	17793774
1	17797464
1	17802689
1	17808200
1	17814443
1	17818928
1	17827384
1	17835941
1	17841198
1	17855861
1	17861099
1	17873862
1	17875844
1	17884387
1	17896554
1	17931608
1	17932892
1	17936481
1	17937988
1	17938284
1	17961811
1	17987438
1	17996830
1	18000922
1	18001445
1	18011129
1	18011350
1	18011475
1	18018806
1	18020541
1	18035245
1	18049705
1	18055642
1	18057594
1	18061638
1	18062524
1	18066513
1	18066879
1	18071609
1	18074759
1	18080607
1	18085322
1	18088311
1	18090249
1	18093306
1	18097015
1	18104745
1	18105771
1	18109130
1	18123869
1	18124309
1	18125481
1	18126091
1	18138357
1	18150095
1	18152220
1	18168447
1	18175217
1	18178633
1	18179013
1	18181930
1	18182474
1	18183302
1	18184094
1	18196137
1	18211563
1	18220265
1	18220642
1	18222996
1	18249662
1	18264834
1	18268494
1	18277530
1	18289181
1	18291553
1	18295545
1	18308900
1	18309018
1	18310181
1	18330091
1	18332928
1	18332960
1	18335640
1	18341519
1	18342527
1	18363517
1	18363666
1	18364075
1	18365360
1	18368918
1	18369441
1	18372106
1	18373689
1	18374540
1	18375476
1	18376086
1	18376417
1	18390512
1	18395192
1	18399170
1	18412260
1	18412443
1	18423941
1	18439131
1	18441170
1	18441699
1	18445574
1	18448506
1	18457913
1	18462104
1	18466013
1	18480574
1	18487211
1	18487825
1	18498614
1	18508979
1	18511361
1	18514134
1	18514997
1	18518590
1	18522594
1	18531128
1	18541342
1	18550512
1	18563653
1	18591210
1	18593021
1	18598947
1	18600482
1	18623119
1	18629872
1	18636654
1	18643757
1	18644862
1	18668426
1	18679734
1	18679799
1	18701663
1	18726502
1	18730274
1	18735184
1	18735674
1	18739225
1	18740015
1	18742491
1	18748115
1	18754415
1	18760713
1	18765021
1	18765305
1	18770845
1	18773212
1	18777641
1	18783494
1	18788002
1	18789186
1	18805852
1	18842103
1	18843408
1	18845465
1	18855094
1	18856886
1	18856948
1	18858809
1	18859367
1	18859402
1	18859618
1	18863555
1	18874245
1	18875910
1	18878867
1	18885762
1	18887669
1	18888012
1	18888101
1	18896379
1	18900057
1	18900411
1	18922127
1	18934336
1	18942325
1	18943007
1	18944166
1	18946807
1	18949119
1	18973443
1	18978914
1	18982530
1	18987051
1	19002312
1	19004233
1	19008326
1	19011147
1	19031461
1	19045052
1	19049091
1	19057058
1	19073029
1	19073862
1	19087103
1	19087108
1	19092834
1	19094276
1	19098789
1	19101848
1	19110013
1	19135954
1	19142781
1	19159980
1	19163982
1	19166409
1	19170724
1	19176452
1	19198028
1	19198221
1	19202566
1	19203881
1	19205019
1	19206566
1	19210435
1	19212547
1	19213965
1	19216468
1	19221661
1	19229968
1	19253569
1	19258740
1	19259683
1	19260492
1	19289728
1	19293194
1	19295351
1	19307055
1	19310198
1	19311732
1	19312889
1	19314742
1	19317759
1	19318125
1	19318863
1	19319611
1	19354087
1	19363111
1	19365577
1	19370373
1	19370881
1	19384385
1	19386752
1	19387292
1	19411835
1	19424963
1	19428810
1	19429045
1	19430340
1	19431567
1	19434610
1	19435140
1	19444944
1	19445329
1	19446271
1	19451585
1	19472487
1	19474101
1	19475507
1	19490568
1	19513510
1	19514801
1	19518508
1	19520241
1	19524493
1	19525237
1	19526323
1	19546640
1	19549876
1	19554586
1	19570025
1	19571036
1	19573657
1	19574749
1	19593877
1	19594271
1	19610098
1	19619436
1	19619993
1	19621029
1	19629167
1	19629177
1	19636807
1	19657432
1	19670814
1	19671562
1	19673208
1	19673725
1	19675314
1	19679139
1	19686474
1	19686527
1	19686777
1	19687144
1	19688034
1	19688069
1	19690615
1	19692344
1	19698352
1	19707774
1	19709266
1	19709510
1	19709802
1	19717232
1	19719960
1	19719980
1	19739994
1	19749234
1	19756099
1	19761476
1	19779770
1	19794618
1	19808922
1	19809890
1	19814062
1	19815793
1	19817647
1	19817999
1	19819701
1	19822602
1	19823462
1	19824852
1	19824933
1	19825983
1	19826747
1	19828035
1	19830362
1	19845481
1	19847290
1	19852495
1	19859919
1	19861035
1	19873666
1	19874602
1	19876148
1	19885342
1	19888469
1	19889678
1	19892642
1	19897996
1	19901340
1	19923768
1	19927792
1	19928794
1	19939984
1	19948002
1	19951427
1	19955828
1	19964001
1	19989703
1	19990435
1	19992022
1	19992174
1	19998597
1	20004803
1	20005526
1	20014072
1	20016439
1	20018398
1	20046522
1	20047404
1	20070733
1	20082132
1	20084324
1	20105770
1	20108571
1	20108938
1	20139694
1	20141358
1	20173977
1	20187554
1	20187609
1	20191491
1	20191591
1	20199302
1	20205068
1	20211062
1	20214286
1	20215258
1	20233728
1	20245887
1	20276161
1	20280698
1	20285195
1	20311847
1	20311852
1	20331356
1	20332869
1	20341467
1	20341556
1	20343524
1	20345156
1	20352817
1	20373397
1	20380600
1	20386450
1	20389168
1	20393531
1	20403560
1	20415194
1	20423336
1	20426003
1	20430218
1	20431467
1	20436155
1	20437189
1	20437839
1	20442197
1	20443394
1	20444144
1	20445284
1	20446599
1	20446961
1	20448220
1	20449529
1	20457066
1	20460631
1	20469431
1	20470041
1	20470271
1	20471992
1	20474291
1	20475210
1	20480626
1	20480721
1	20483051
1	20493007
1	20495850
1	20498951
1	20500341
1	20504185
1	20504459
1	20504894
1	20505312
1	20505556
1	20509839
1	20512206
1	20517212
1	20517809
1	20523110
1	20532334
1	20536323
1	20538351
1	20544188
1	20547024
1	20554255
1	20558932
1	20594247
1	20599391
1	20616938
1	20621524
1	20632549
1	20654447
1	20669794
1	20670649
1	20673838
1	20680578
1	20684242
1	20685735
1	20688981
1	20693087
1	20694797
1	20701678
1	20718442
1	20725814
1	20741191
1	20748073
1	20748595
1	20770561
1	20777362
1	20779152
1	20781062
1	20781402
1	20854052
1	20859977
1	20872010
1	20892604
1	20943484
1	20952054
1	20966424
1	20996706
1	21004134
1	21020840
1	21032965
1	21034623
1	21035571
1	21037262
1	21039806
1	21041347
1	21043459
1	21052089
1	21052462
1	21052616
1	21053676
1	21068076
1	21096396
1	21116343
1	21117967
1	21123474
1	21135298
1	21151315
1	21151664
1	21151841
1	21161049
1	21161571
1	21162076
1	21163918
1	21183702
1	21192841
1	21204146
1	21211332
1	21212727
1	21214154
1	21214748
1	21215829
1	21219585
1	21220158
1	21220971
1	21230434
1	21237954
1	21240269
1	21240309
1	21241493
1	21241722
1	21244210
1	21251193
1	21252067
1	21252122
1	21255866
1	21262235
1	21262925
1	21266691
1	21312728
1	21322404
1	21323311
1	21331017
1	21341141
1	21353785
1	21362202
1	21365551
1	21368756
1	21368871
1	21379194
1	21394656
1	21395342
1	21395979
1	21398583
1	21404107
1	21404629
1	21411355
1	21439085
1	21440677
1	21441123
1	21443482
1	21462235
1	21475042
1	21477968
1	21483616
1	21486291
1	21491078
1	21491474
1	21491840
1	21492575
1	21498490
1	21504118
1	21506200
1	21518438
1	21520971
1	21522155
1	21534612
1	21538457
1	21539131
1	21540728
1	21541022
1	21541342
1	21541652
1	21541902
1	21542751
1	21553024
1	21573317
1	21580838
1	21581656
1	21586168
1	21599102
1	21621217
1	21623152
1	21630302
1	21634767
1	21635938
1	21638425
1	21642235
1	21643514
1	21647482
1	21648279
1	21666087
1	21667564
1	21668893
1	21669045
1	21673339
1	21681016
1	21693910
1	21706488
1	21707706
1	21711278
1	21712385
1	21714425
1	21717483
1	21731186
1	21734548
1	21734670
1	21734851
1	21734950
1	21864738
1	21867033
1	21867036
1	21869776
1	21872711
1	21887800
1	21889366
1	21890438
1	21892939
1	21893237
1	21894451
1	21895721
1	21896114
1	21898059
1	21899776
1	21900478
1	21903864
1	21904065
1	21904321
1	21904797
1	21905423
1	21907423
1	21908096
1	21910406
1	21922580
1	21929324
1	21939241
1	21941812
1	21952156
1	21954314
1	21955116
1	21955635
1	21955676
1	21959588
1	21966488
1	21972615
1	21975159
1	21975320
1	21981158
1	21990006
1	21998241
1	21999589
1	22019619
1	22027603
1	22033521
1	22035627
1	22040103
1	22040298
1	22040968
1	22043171
1	22055888
1	22058241
1	22060962
1	22063257
1	22067564
1	22068893
1	22069210
1	22092323
1	22109618
1	22128715
1	22143073
1	22152508
1	22173529
1	22174653
1	22183163
1	22217483
1	22219966
1	22224843
1	22225510
1	22229871
1	22240864
1	22267671
1	22269834
1	22272544
1	22334688
1	22344850
1	22349425
1	22351701
1	22359586
1	22364687
1	22397802
1	22409222
1	22409315
1	22411532
1	22418941
1	22428557
1	22432124
1	22436451
1	22442262
1	22442265
1	22442589
1	22458870
1	22459113
1	22466473
1	22470598
1	22470793
1	22473948
1	22474060
1	22476031
1	22489463
1	22497179
1	22504934
1	22505941
1	22508320
1	22514954
1	22515137
1	22517822
1	22519389
1	22535164
1	22536311
1	22539302
1	22540773
1	22540780
1	22541567
1	22542855
1	22542967
1	22564287
1	22565028
1	22567817
1	22572293
1	22579965
1	22580629
1	22583199
1	22583986
1	22586348
1	22586487
1	22586624
1	22587985
1	22588843
1	22591453
1	22594168
1	22595022
1	22599276
1	22600773
1	22617415
1	22624124
1	22625945
1	22629265
1	22637966
1	22665307
1	22689774
1	22712868
1	22726521
1	22735350
1	22747087
1	22750463
1	22756579
1	22758789
1	22761341
1	22765086
1	22794001
1	22794353
1	22801961
1	22803027
1	22822676
1	22826807
1	22827214
1	22827641
1	22833473
1	22839711
1	22860257
1	22862350
1	22863019
1	22866589
1	22867242
1	22868047
1	22868284
1	22868881
1	22879557
1	22890414
1	22893457
1	22893712
1	22896371
1	22896697
1	22900367
1	22901779
1	22909513
1	22910075
1	22915077
1	22917876
1	22919494
1	22920056
1	22922528
1	22924021
1	22928940
1	22929636
1	22930765
1	22931020
1	22931071
1	22935396
1	22940058
1	22963394
1	22984936
1	22984988
1	22985517
1	22986522
1	22986890
1	22991339
1	22991674
1	22991867
1	22998858
1	23010275
1	23020195
1	23029257
1	23038814
1	23039878
1	23042640
1	23042860
1	23043070
1	23043678
1	23043944
1	23045090
1	23055623
1	23057307
1	23075082
1	23089097
1	23089335
1	23090620
1	23090658
1	23092226
1	23092992
1	23098256
1	23102458
1	23107747
1	23123788
1	23138825
1	23143422
1	23146089
1	23155658
1	23158266
1	23159732
1	23171904
1	23182290
1	23186407
1	23189314
1	23202130
1	23213393
1	23222828
1	23228219
1	23243956
1	23246975
1	23247033
1	23251779
1	23273941
1	23274203
1	23275949
1	23289000
1	23291632
1	23292570
1	23293847
1	23309291
1	23309793
1	23331754
1	23335395
1	23341591
1	23349062
1	23368132
1	23374404
1	23385059
1	23398356
1	23402438
1	23409770
1	23410998
1	23411960
1	23430872
1	23430929
1	23434043
1	23434264
1	23460668
1	23461689
1	23462809
1	23467313
1	23469373
1	23471716
1	23472593
1	23473457
1	23475050
1	23475207
1	23475341
1	23475643
1	23475645
1	23476999
1	23481504
1	23481903
1	23485100
1	23488249
1	23489300
1	23503363
1	23521954
1	23535394
1	23535800
1	23537163
1	23555420
1	23559933
1	23569419
1	23579103
1	23579903
1	23588135
1	23607399
1	23607949
1	23608596
1	23609313
1	23611384
1	23613703
1	23624599
1	23634721
1	23635671
1	23637892
1	23637998
1	23652271
1	23653848
1	23657579
1	23666325
1	23678194
1	23684225
1	23684724
1	23693006
1	23693475
1	23693587
1	23693677
1	23694410
1	23694719
1	23696370
1	23696789
1	23700848
1	23739328
1	23740177
1	23741043
1	23741151
1	23742951
1	23744564
1	23745084
1	23746431
1	23746467
1	23748673
1	23749717
1	23750310
1	23750680
1	23752420
1	23761570
1	23770724
1	23772461
1	23782132
1	23786861
1	23795210
1	23795270
1	23798289
1	23799352
1	23800341
1	23800898
1	23803920
1	23806590
1	23809752
1	23815096
1	23816205
1	23820645
1	23842327
1	23843395
1	23856534
1	23864750
1	23865735
1	23866903
1	23867269
1	23868403
1	23870594
1	23884144
1	23884707
1	23884787
1	23885288
1	23892764
1	23910156
1	23911235
1	23914979
1	23923566
1	23954640
1	23957988
1	23965517
1	23965676
1	23966404
1	23989440
1	23990677
1	23990896
1	23993097
1	23994343
1	23996963
1	23997008
1	23999898
1	24005553
1	24006944
1	24011219
1	24014810
1	24016702
1	24017798
1	24018221
1	24019901
1	24022217
1	24044632
1	24057202
1	24063834
1	24063864
1	24070189
1	24085650
1	24086070
1	24086238
1	24091217
1	24092503
1	24099866
1	24100479
1	24104319
1	24131864
1	24131921
1	24134179
1	24135654
1	24144319
1	24145998
1	24146384
1	24146400
1	24147144
1	24147955
1	24160961
1	24164109
1	24170619
1	24172131
1	24183552
1	24189972
1	24198305
1	24199666
1	24202990
1	24204060
1	24214255
1	24214896
1	24220540
1	24221169
1	24226227
1	24229989
1	24230783
1	24233555
1	24233615
1	24240178
1	24243551
1	24250143
1	24250933
1	24264939
1	24269596
1	24281067
1	24286137
1	24287181
1	24289012
1	24294630
1	24295418
1	24296984
1	24313076
1	24315872
1	24319774
1	24320488
1	24321016
1	24321757
1	24324504
1	24324943
1	24329597
1	24330063
1	24342134
1	24355136
1	24361355
1	24364717
1	24367561
1	24367627
1	24374605
1	24385182
1	24391763
1	24395807
1	24395883
1	24396250
1	24405172
1	24410278
1	24413537
1	24421427
1	24430422
1	24431347
1	24431873
1	24442624
1	24449075
1	24454049
1	24455787
1	24459721
1	24464467
1	24465836
1	24475309
1	24477004
1	24479095
1	24479312
1	24482770
1	24482881
1	24483048
1	24493775
1	24495219
1	24496499
1	24497457
1	24517706
1	24521064
1	24523945
1	24528864
1	24528960
1	24537332
1	24541358
1	24542154
1	24542316
1	24546032
1	24551790
1	24572166
1	24581614
1	24592537
1	24595253
1	24597479
1	24599093
1	24613928
1	24620724
1	24624791
1	24636161
1	24643535
1	24643643
1	24666651
1	24667207
1	24667874
1	24668476
1	24683281
1	24684185
1	24690539
1	24693041
1	24702666
1	24703667
1	24704899
1	24704966
1	24707171
1	24717947
1	24731114
1	24731452
1	24733770
1	24738939
1	24739600
1	24740049
1	24740555
1	24743487
1	24746923
1	24751916
1	24752386
1	24752787
1	24757515
1	24768469
1	24771219
1	24774938
1	24777365
1	24784346
1	24784462
1	24788356
1	24790959
1	24790998
1	24805433
1	24808230
1	24808794
1	24811863
1	24813767
1	24813788
1	24814159
1	24815895
1	24816056
1	24818914
1	24829317
1	24834393
1	24837929
1	24838825
1	24844288
1	24844486
1	24845277
1	24845731
1	24845902
1	24852511
1	24859731
1	24860679
1	24862485
1	24871258
1	24872261
1	24873757
1	24881718
1	24883819
1	24901882
1	24921899
1	24945048
1	24945479
1	24957070
1	24979195
1	24984916
1	24985901
1	24998495
1	25013675
1	25027294
1	25036329
1	25092920
1	25096234
1	25105113
1	25108596
1	25115197
1	25115745
1	25117460
1	25141542
1	25142069
1	25142084
1	25143795
1	25166348
1	25174543
1	25184326
1	25186019
1	25187853
1	25187902
1	25188256
1	25214900
1	25226657
1	25229679
1	25236226
1	25236355
1	25268712
1	25274146
1	25279364
1	25302956
1	25303641
1	25308049
1	25315317
1	25327422
1	25328782
1	25332286
1	25332405
1	25362072
1	25362621
1	25374079
1	25381974
1	25400289
1	25408834
1	25411606
1	25418235
1	25419136
1	25420351
1	25420667
1	25436388
1	25438433
1	25438673
1	25440092
1	25456590
1	25456860
1	25487562
1	25489749
1	25499569
1	25501999
1	25507369
1	25517303
1	25519357
1	25524153
1	25536746
1	25541744
1	25549426
1	25553539
1	25555908
1	25569547
1	25569998
1	25572581
1	25573299
1	25575878
1	25586511
1	25599417
1	25600007
1	25601780
1	25603865
1	25613559
1	25633244
1	25649266
1	25651222
1	25655220
1	25693201
1	25705190
1	25724590
1	25729731
1	25748637
1	25755145
1	25757913
1	25759793
1	25760252
1	25770366
1	25810644
1	25810967
1	25812177
1	25813006
1	25827177
1	25839284
1	25852845
1	25856646
1	25874895
1	25880531
1	25881308
1	25881598
1	25882861
1	25893044
1	25915501
1	25918007
1	25953459
1	25954469
1	25954683
1	25958274
1	25959051
1	26000496
1	26003381
1	26003558
1	26012557
1	26018059
1	26019590
1	26026938
1	26027173
1	26027457
1	26050519
1	26050699
1	26051690
1	26051698
1	26055939
1	26061276
1	26075054
1	26075468
1	26081706
1	26081966
1	26082303
1	26082723
1	26086810
1	26088788
1	26089745
1	26089800
1	26092009
1	26108894
1	26113996
1	26128163
1	26129289
1	26131214
1	26136653
1	26141944
1	26143353
1	26145295
1	26159223
1	26160011
1	26163743
1	26164919
1	26172788
1	26174308
1	26180558
1	26189831
1	26190159
1	26190720
1	26194559
1	26194815
1	26196312
1	26199479
1	26200570
1	26202997
1	26203288
1	26204740
1	26206407
1	26206718
1	26207737
1	26209058
1	26209064
1	26210967
1	26214150
1	26214939
1	26219346
1	26220829
1	26222192
1	26225622
1	26227197
1	26240842
1	26251905
1	26256800
1	26260117
1	26260500
1	26261807
1	26262611
1	26266190
1	26270706
1	26271967
1	26278903
1	26279367
1	26293793
1	26307669
1	26329340
1	26333455
1	26340842
1	26344107
1	26357151
1	26357692
1	26358333
1	26364650
1	26377979
1	26384142
1	26395022
1	26408867
1	26412377
1	26415141
1	26428866
1	26432676
1	26433298
1	26433832
1	26436596
1	26440345
1	26440538
1	26447656
1	26453083
1	26456326
1	26456870
1	26464242
1	26470730
1	26474547
1	26477411
1	26484924
1	26503358
1	26507490
1	26508909
1	26527037
1	26527183
1	26529150
1	26534130
1	26537614
1	26538046
1	26538172
1	26539299
1	26542887
1	26543973
1	26544556
1	26551042
1	26567803
1	26569461
1	26570642
1	26583803
1	26647330
1	26648100
1	26650805
1	26654289
1	26654858
1	26655137
1	26655344
1	26656352
1	26674631
1	26675296
1	26676220
1	26676499
1	26677914
1	26683947
1	26684867
1	26684976
1	26685796
1	26688742
1	26692720
1	26693218
1	26708920
1	26721760
1	26753696
1	26764407
1	26771412
1	26791966
1	26803711
1	26804808
1	26806788
1	26824472
1	26824657
1	26835709
1	26854760
1	26855486
1	26855834
1	26856641
1	26856933
1	26857055
1	26857466
1	26858595
1	26859530
1	26862584
1	26864399
1	26867008
1	26870887
1	26904553
1	26912041
1	26916731
1	26921389
1	26922802
1	26923387
1	26923404
1	26927243
1	26928214
1	26928898
1	26928918
1	26935804
1	26943255
1	26950046
1	26954256
1	26956357
1	26956398
1	26957601
1	26961086
1	26963809
1	26975990
1	26983324
1	26985349
1	26985350
1	27013733
1	27019830
1	27020437
1	27020638
1	27021147
1	27022944
1	27024613
1	27043263
1	27048936
1	27075206
1	27094785
1	27110855
1	27111687
1	27111898
1	27112506
1	27113789
1	27119854
1	27140913
1	27163302
1	27180520
1	27206265
1	27206850
1	27300082
1	27304690
1	27305158
1	27305908
1	27306713
1	27307346
1	27309597
1	27313408
1	27336878
1	27365766
1	27372688
1	27380240
1	27381011
1	27382014
1	27384613
1	27391927
1	27395843
1	27397498
1	27397668
1	27400926
1	27400976
1	27404679
1	27405820
1	27407304
1	27425164
1	27441583
1	27466372
1	27469105
1	27489318
1	27497758
1	27511862
1	27513746
1	27514621
1	27514976
1	27516538
1	27517761
1	27517768
1	27518428
1	27518861
1	27518953
1	27520140
1	27530241
1	27533335
1	27533510
1	27537234
1	27554826
1	27555780
1	27589828
1	27597515
1	27628899
1	27632520
1	27632901
1	27636733
1	27637082
1	27637415
1	27640292
1	27641156
1	27648475
1	27650917
1	27656503
1	27659517
1	27664089
1	27664559
1	27664998
1	27666237
1	27675384
1	27686418
1	27686820
1	27697571
1	27702326
1	27706309
1	27709616
1	27710508
1	27710725
1	27730024
1	27732577
1	27736570
1	27739131
1	27740952
1	27742609
1	27749128
1	27753238
1	27779786
1	27781199
1	27784943
1	27786796
1	27787206
1	27793013
1	27799655
1	27799738
1	27801175
1	27801984
1	27812188
1	27815121
1	27840192
1	27840362
1	27840415
1	27853756
1	27871877
1	27882729
1	27885725
1	27891430
1	27948077
1	27979118
1	27980645
1	27985088
1	27999075
1	28002970
1	28028569
1	28031592
1	28032768
1	28035629
1	28054046
1	28059227
1	28060311
1	28067768
1	28072005
1	28073641
1	28082878
1	28089418
1	28133581
1	28136611
1	28137841
1	28138035
1	28138377
1	28138650
1	28140188
1	28141856
1	28141896
1	28142469
1	28145937
1	28156734
1	28163290
1	28179110
1	28179461
1	28179649
1	28190839
1	28210911
1	28239092
1	28256762
1	28259699
1	28290081
1	28299208
1	28332039
1	28336696
1	28353341
1	28363003
1	28364774
1	28377217
1	28381609
1	28386863
1	28393321
1	28394093
1	28395814
1	28402431
1	28405871
1	28405960
1	28406480
1	28406709
1	28419535
1	28431946
1	28445875
1	28465076
1	28467862
1	28507169
1	28515066
1	28517267
1	28525435
1	28539632
1	28542336
1	28582367
1	28600698
1	28642884
1	28653483
1	28662327
1	28684200
1	28688629
1	28688785
1	28693081
1	28700344
1	28714218
1	28719684
1	28753396
1	28758750
1	28759402
1	28759631
1	28759999
1	28761217
1	28762449
1	28791066
1	28801482
1	28802144
1	28814388
1	28817330
1	28824394
1	28837786
1	28852618
1	28852624
1	28854674
1	28855411
1	28865136
1	28899306
1	28901180
1	28905268
1	28919006
1	28927734
1	28942080
1	28942742
1	28994770
1	28996525
1	29013378
1	29069711
1	29069962
1	29150321
1	29155249
1	29183759
1	29196637
1	29205200
1	29206659
1	29213535
1	29214950
1	29214953
1	29215545
1	29215728
1	29218870
1	29243254
1	29263753
1	29263862
1	29265409
1	29271199
1	29286679
1	29291430
1	29302983
1	29310234
1	29327928
1	29345316
1	29350384
1	29353987
1	29356262
1	29357556
1	29358661
1	29358762
1	29358854
1	29358962
1	29398999
1	29405340
1	29408680
1	29418858
1	29429165
1	29432453
1	29435219
1	29439824
1	29443157
1	29444875
1	29446555
1	29448288
1	29448727
1	29449504
1	29450718
1	29454495
1	29455558
1	29456816
1	29461173
1	29462980
1	29465313
1	29468399
1	29473597
1	29479994
1	29480067
1	29481772
1	29482958
1	29490802
1	29498183
1	29501569
1	29516675
1	29526912
1	29527011
1	29533419
1	29544127
1	29569594
1	29599072
1	29604531
1	29606242
1	29611552
1	29616709
1	29625900
1	29631766
1	29634179
1	29638479
1	29656280
1	29696140
1	29699175
1	29701151
1	29725280
1	29731817
1	29741097
1	29745639
1	29775371
1	29805161
1	29806143
1	29815841
1	29819347
1	29826199
1	29826470
1	29833478
1	29836732
1	29837546
1	29838387
1	29850151
1	29867940
1	29903438
1	29904170
1	29904324
1	29904703
1	29905740
1	29905860
1	29906249
1	29906995
1	29907293
1	29907608
1	29911731
1	29914345
1	29944204
1	29977951
1	30036011
1	30041998
1	30062787
1	30133187
1	30178632
1	30194844
1	30197218
1	30238749
1	30239119
1	30268884
1	30278021
1	30288602
1	30290956
1	30301697
1	30311274
1	30313646
1	30330344
1	30348430
1	30395491
1	30400965
1	30411375
1	30414340
1	30418248
1	30422698
