  0    0.108798 
  1 0.000536776 
  2  0.00076466 
  3 0.000133711 
  4   0.0328889 
  5   0.0100043 
  6  0.00410144 
  7           0 
  8  0.00243789 
  9  0.00383677 
 10  0.00515787 
 11  0.00383677 
 12  0.00737706 
 13  0.00830126 
 14   0.0112455 
 15   0.0369061 
 16  0.00451111 
 17  0.00515787 
 18   0.0135134 
 19  0.00583263 
 20   0.0162922 
 21           0 
 22   0.0159507 
 23  0.00011288 
 24  0.00301513 
 25  0.00408378 
 26   0.0332671 
 27  0.00795891 
 28  0.00203851 
 29  0.00050803 
 30   0.0020939 
 31  0.00726667 
 32  0.00285861 
 33   0.0145836 
 34   0.0214556 
 35  0.00726667 
 36   0.0356598 
 37  0.00200145 
 38   0.0161316 
 39   0.0159331 
 40  0.00344795 
 41   0.0187013 
 42   0.0133141 
 43 0.000258148 
 44   0.0336487 
 45   0.0880856 
 46 0.000664762 
 47   0.0100043 
 48   0.0036535 
 49 0.000993978 
 50           0 
 51 0.000247885 
 52   0.0224943 
 53  0.00058783 
 54 0.000234604 
 55 0.000224689 
 56           0 
 57   0.0135255 
 58  0.00279312 
 59  0.00283344 
 60 0.000234717 
 61  0.00824635 
 62   0.0652587 
 63 0.000998737 
 64   0.0214561 
 65   0.0452324 
 66           0 
 67  0.00108833 
 68 0.000101487 
 69  0.00310084 
 70  0.00482479 
 71 0.000240809 
 72  0.00342893 
 73   0.0110685 
 74           0 
 75  0.00024096 
 76  0.00140741 
 77 0.000237505 
 78           0 
 79  0.00997952 
 80 0.000159435 
 81  0.00013291 
 82   0.0151503 
 83  0.00253881 
 84    0.100314 
 85  0.00545639 
 86  0.00735746 
 87           0 
 88  0.00221045 
