  0    0.108798 
 84    0.100314 
 45   0.0880856 
 62   0.0652587 
 65   0.0452324 
 15   0.0369061 
 36   0.0356598 
 44   0.0336487 
 26   0.0332671 
  4   0.0328889 
 52   0.0224943 
 64   0.0214561 
 34   0.0214556 
 41   0.0187013 
 20   0.0162922 
 38   0.0161316 
 22   0.0159507 
 39   0.0159331 
 82   0.0151503 
 33   0.0145836 
 57   0.0135255 
 18   0.0135134 
 42   0.0133141 
 14   0.0112455 
 73   0.0110685 
  5   0.0100043 
 47   0.0100043 
 79  0.00997952 
 13  0.00830126 
 61  0.00824635 
 27  0.00795891 
 12  0.00737706 
 86  0.00735746 
 35  0.00726667 
 31  0.00726667 
 19  0.00583263 
 85  0.00545639 
 10  0.00515787 
 17  0.00515787 
 70  0.00482479 
 16  0.00451111 
  6  0.00410144 
 25  0.00408378 
 11  0.00383677 
  9  0.00383677 
 48   0.0036535 
 40  0.00344795 
 72  0.00342893 
 69  0.00310084 
 24  0.00301513 
 32  0.00285861 
 59  0.00283344 
 58  0.00279312 
 83  0.00253881 
  8  0.00243789 
 88  0.00221045 
 30   0.0020939 
 28  0.00203851 
 37  0.00200145 
 76  0.00140741 
 67  0.00108833 
 63 0.000998737 
 49 0.000993978 
  2  0.00076466 
 46 0.000664762 
 53  0.00058783 
  1 0.000536776 
 29  0.00050803 
 43 0.000258148 
 51 0.000247885 
 75  0.00024096 
 71 0.000240809 
 77 0.000237505 
 60 0.000234717 
 54 0.000234604 
 55 0.000224689 
 80 0.000159435 
  3 0.000133711 
 81  0.00013291 
 23  0.00011288 
 68 0.000101487 
 87           0 
 66           0 
 56           0 
  7           0 
 21           0 
 78           0 
 74           0 
 50           0 
