100   0.0740532 
 95   0.0701304 
 18   0.0554559 
 46   0.0524937 
 23    0.048648 
104   0.0311501 
103   0.0289717 
  0    0.028337 
 24    0.028337 
 89   0.0282507 
 67   0.0249572 
 99   0.0249572 
 88   0.0245732 
 13   0.0241814 
105   0.0237017 
108   0.0235903 
 45   0.0189699 
 36   0.0187385 
 55   0.0169942 
 11   0.0163641 
 53   0.0163556 
101   0.0153294 
 41   0.0152131 
 50   0.0150943 
 27    0.014612 
 33    0.013917 
 30    0.013917 
  2    0.013917 
 90   0.0138757 
 12   0.0112319 
 26   0.0104556 
 96   0.0103564 
 54  0.00854968 
 17  0.00816339 
 51  0.00780072 
 92  0.00742526 
 94  0.00742526 
 56  0.00681106 
 87  0.00577957 
  8  0.00501893 
 58  0.00486919 
 70  0.00486919 
 63  0.00486919 
 71  0.00474366 
 85  0.00465231 
 80  0.00465231 
 42  0.00420161 
 86  0.00409815 
 78  0.00409815 
 48  0.00403429 
 66  0.00320621 
 91  0.00313373 
  5  0.00302102 
 22  0.00302102 
 64  0.00254573 
 31  0.00241676 
107  0.00238158 
 74  0.00236629 
 77  0.00226682 
 73  0.00218409 
 69  0.00213855 
 76  0.00206395 
 65  0.00199307 
110  0.00189638 
 68  0.00176914 
 20  0.00160023 
  1  0.00155061 
 98  0.00147634 
 44  0.00146613 
 57  0.00146348 
 43  0.00145826 
  9  0.00145105 
 93  0.00143747 
 60  0.00142227 
 75  0.00131822 
 25  0.00116268 
 72  0.00107207 
 83  0.00105795 
109  0.00104516 
112  0.00103666 
  4  0.00096027 
 79  0.00094389 
106 0.000940685 
 82 0.000888797 
 62 0.000863987 
  7 0.000809279 
 10 0.000789171 
 28 0.000759477 
 59 0.000719508 
 29 0.000716702 
 19 0.000580997 
 40 0.000525762 
  6 0.000520729 
 16 0.000509015 
102 0.000484402 
 21 0.000484402 
 61 0.000424829 
 49  0.00041209 
  3 0.000318112 
 81 0.000299329 
 38 0.000299142 
 52 0.000298334 
 34 0.000241547 
 14 0.000236506 
 84 0.000223266 
111 0.000134697 
 97           0 
 32           0 
 15           0 
 35           0 
 37           0 
 39           0 
 47           0 
