  0    0.028337 
  1  0.00155061 
  2    0.013917 
  3 0.000318112 
  4  0.00096027 
  5  0.00302102 
  6 0.000520729 
  7 0.000809279 
  8  0.00501893 
  9  0.00145105 
 10 0.000789171 
 11   0.0163641 
 12   0.0112319 
 13   0.0241814 
 14 0.000236506 
 15           0 
 16 0.000509015 
 17  0.00816339 
 18   0.0554559 
 19 0.000580997 
 20  0.00160023 
 21 0.000484402 
 22  0.00302102 
 23    0.048648 
 24    0.028337 
 25  0.00116268 
 26   0.0104556 
 27    0.014612 
 28 0.000759477 
 29 0.000716702 
 30    0.013917 
 31  0.00241676 
 32           0 
 33    0.013917 
 34 0.000241547 
 35           0 
 36   0.0187385 
 37           0 
 38 0.000299142 
 39           0 
 40 0.000525762 
 41   0.0152131 
 42  0.00420161 
 43  0.00145826 
 44  0.00146613 
 45   0.0189699 
 46   0.0524937 
 47           0 
 48  0.00403429 
 49  0.00041209 
 50   0.0150943 
 51  0.00780072 
 52 0.000298334 
 53   0.0163556 
 54  0.00854968 
 55   0.0169942 
 56  0.00681106 
 57  0.00146348 
 58  0.00486919 
 59 0.000719508 
 60  0.00142227 
 61 0.000424829 
 62 0.000863987 
 63  0.00486919 
 64  0.00254573 
 65  0.00199307 
 66  0.00320621 
 67   0.0249572 
 68  0.00176914 
 69  0.00213855 
 70  0.00486919 
 71  0.00474366 
 72  0.00107207 
 73  0.00218409 
 74  0.00236629 
 75  0.00131822 
 76  0.00206395 
 77  0.00226682 
 78  0.00409815 
 79  0.00094389 
 80  0.00465231 
 81 0.000299329 
 82 0.000888797 
 83  0.00105795 
 84 0.000223266 
 85  0.00465231 
 86  0.00409815 
 87  0.00577957 
 88   0.0245732 
 89   0.0282507 
 90   0.0138757 
 91  0.00313373 
 92  0.00742526 
 93  0.00143747 
 94  0.00742526 
 95   0.0701304 
 96   0.0103564 
 97           0 
 98  0.00147634 
 99   0.0249572 
100   0.0740532 
101   0.0153294 
102 0.000484402 
103   0.0289717 
104   0.0311501 
105   0.0237017 
106 0.000940685 
107  0.00238158 
108   0.0235903 
109  0.00104516 
110  0.00189638 
111 0.000134697 
112  0.00103666 
