1	0	168
1	169	2967
1	2968	2974
1	2975	3014
1	3015	3047
1	3048	3166
1	3167	3177
1	3178	3194
1	3195	3216
1	3217	3233
1	3234	3240
1	3241	3317
1	3318	3347
1	3348	3463
1	3464	3491
1	3492	3514
1	3515	3524
1	3525	3566
1	3567	3587
1	3588	3804
1	3805	3815
1	3816	4589
1	4590	4627
1	4628	4785
1	4786	4813
1	4814	4953
1	4954	4968
1	4969	5047
1	5048	6917
1	6918	6930
1	6931	6960
1	6961	6983
1	6984	7662
1	7663	7669
1	7670	9068
1	9069	9137
1	9138	9202
1	9203	9227
1	9228	9256
1	9257	9313
1	9314	9344
1	9345	9536
1	9537	9584
1	9585	9628
1	9629	9660
1	9661	9687
1	9688	9710
1	9711	9748
1	9749	9921
1	9922	10070
1	10071	10098
1	10099	10137
1	10138	10178
1	10179	10194
1	10195	10210
1	10211	10342
1	10343	10366
1	10367	10448
1	10449	10529
1	10530	10565
1	10566	10628
1	10629	10642
1	10643	10653
1	10654	10714
1	10715	10764
1	10765	10778
1	10779	10787
1	10788	10851
1	10852	10928
1	10929	10938
1	10939	10965
1	10966	11009
1	11010	11026
1	11027	11178
1	11179	11212
1	11213	11228
1	11229	11268
1	11269	12664
1	12665	12690
1	12691	14008
1	14009	14036
1	14037	14186
1	14187	14194
1	14195	14214
1	14215	14233
1	14234	14241
1	14242	14270
1	14271	14279
1	14280	14380
1	14381	14396
1	14397	15371
1	15372	15444
1	15445	15451
1	15452	16094
1	16095	16157
1	16158	16168
1	16169	16301
1	16302	16364
1	16365	17721
1	17722	17760
1	17761	17782
1	17783	17807
1	17808	17852
1	17853	17925
1	17926	17949
1	17950	18061
1	18062	19494
1	19495	19782
1	19783	19825
1	19826	19869
1	19870	19884
1	19885	19907
1	19908	19916
1	19917	19925
1	19926	19943
1	19944	20055
1	20056	20068
1	20069	20330
1	20331	20339
1	20340	20356
1	20357	20449
1	20450	20462
1	20463	20474
1	20475	20522
1	20523	20663
1	20664	23607
1	23608	23729
1	23730	23746
1	23747	23768
1	23769	23787
1	23788	23803
1	23804	23873
1	23874	23961
1	23962	23975
1	23976	24001
1	24002	24010
1	24011	24041
1	24042	24195
1	24196	26478
1	26479	26490
1	26491	26941
1	26942	27078
1	27079	27142
1	27143	30003
1	30004	30039
1	30040	30184
1	30185	30206
1	30207	31337
1	31338	31404
1	31405	31424
1	31425	31457
1	31458	31494
1	31495	31515
1	31516	31531
1	31532	31639
1	31640	31646
1	31647	31656
1	31657	31702
1	31703	31714
1	31715	31722
1	31723	31742
1	31743	32114
1	32115	32122
1	32123	32145
1	32146	32252
1	32253	32272
1	32273	32296
1	32297	32387
1	32388	32420
1	32421	32466
1	32467	32486
1	32487	32500
1	32501	32676
1	32677	35087
1	35088	35100
1	35101	35329
1	35330	35344
1	35345	35502
1	35503	35516
1	35517	37184
1	37185	37228
1	37229	37265
1	37266	37484
1	37485	37506
1	37507	37622
1	37623	37641
1	37642	39049
1	39050	43762
1	43763	43832
1	43833	43934
1	43935	43952
1	43953	43961
1	43962	43987
1	43988	44001
1	44002	44046
1	44047	44121
1	44122	44182
1	44183	44233
1	44234	44380
1	44381	44458
1	44459	44468
1	44469	44827
1	44828	46649
1	46650	46699
1	46700	46707
1	46708	46766
1	46767	46846
1	46847	46965
1	46966	49323
1	49324	49340
1	49341	49359
1	49360	50746
1	50747	50777
1	50778	50786
1	50787	50827
1	50828	52788
1	52789	52856
1	52857	53441
1	53442	53474
1	53475	53594
1	53595	53731
1	53732	53951
1	53952	57427
1	57428	57436
1	57437	57479
1	57480	57489
1	57490	57510
1	57511	57529
1	57530	57537
1	57538	58046
1	58047	58096
1	58097	58205
1	58206	58218
1	58219	58281
1	58282	58367
1	58368	58475
1	58476	58482
1	58483	58507
1	58508	58560
1	58561	60139
1	60140	60154
1	60155	60505
1	60506	61792
1	61793	61803
1	61804	61811
1	61812	62482
1	62483	62530
1	62531	67040
1	67041	67144
1	67145	67313
1	67314	67485
1	67486	67498
1	67499	67509
1	67510	67638
1	67639	69516
1	69517	69581
1	69582	69590
1	69591	69755
1	69756	69783
1	69784	70009
1	70010	70045
1	70046	70121
1	70122	70130
1	70131	70147
1	70148	70234
1	70235	70245
1	70246	70262
1	70263	70293
1	70294	70312
1	70313	70338
1	70339	70353
1	70354	70404
1	70405	74893
1	74894	74935
1	74936	74946
1	74947	74969
1	74970	74982
1	74983	74998
1	74999	75035
1	75036	75101
1	75102	75213
1	75214	75230
1	75231	75240
1	75241	75452
1	75453	75468
1	75469	75482
1	75483	82306
1	82307	82313
1	82314	82367
1	82368	82378
1	82379	82475
1	82476	82485
1	82486	83502
1	83503	83514
1	83515	83546
1	83547	83566
1	83567	83586
1	83587	83600
1	83601	83615
1	83616	83752
1	83753	83855
1	83856	83993
1	83994	84023
1	84024	84092
1	84093	84101
1	84102	84113
1	84114	84127
1	84128	84144
1	84145	84157
1	84158	84267
1	84268	84364
1	84365	84391
1	84392	84415
1	84416	84474
1	84475	84492
1	84493	84558
1	84559	84703
1	84704	84753
1	84754	84763
1	84764	84813
1	84814	84828
1	84829	86998
1	86999	87221
1	87222	87228
1	87229	87350
1	87351	87505
1	87506	87512
1	87513	87541
1	87542	87577
1	87578	87622
1	87623	87882
1	87883	88051
1	88052	88113
1	88114	88162
1	88163	88245
1	88246	88264
1	88265	88281
1	88282	88334
1	88335	88484
1	88485	88555
1	88556	88568
1	88569	88604
1	88605	88835
1	88836	88874
1	88875	89219
1	89220	89244
1	89245	89286
1	89287	89318
1	89319	89436
1	89437	90690
1	90691	90707
1	90708	91462
1	91463	91534
1	91535	91581
1	91582	91593
1	91594	95828
1	95829	95844
1	95845	95851
1	95852	95899
1	95900	95907
1	95908	95916
1	95917	95929
1	95930	95966
1	95967	95983
1	95984	96029
1	96030	96039
1	96040	96052
1	96053	96065
1	96066	96084
1	96085	96102
1	96103	96115
1	96116	96473
1	96474	97906
1	97907	97935
1	97936	97942
1	97943	98179
1	98180	98927
1	98928	98948
1	98949	100103
1	100104	100485
1	100486	100567
1	100568	100574
1	100575	100602
1	100603	100638
1	100639	100650
1	100651	100671
1	100672	100707
1	100708	100725
1	100726	100737
1	100738	100749
1	100750	100823
1	100824	100848
1	100849	101009
1	101010	101017
1	101018	101084
1	101085	101158
1	101159	101199
1	101200	101210
1	101211	101226
1	101227	101260
1	101261	101918
1	101919	102171
1	102172	102185
1	102186	102192
1	102193	102302
1	102303	102373
1	102374	102398
1	102399	102411
1	102412	102445
1	102446	102919
1	102920	103397
1	103398	103577
1	103578	109257
1	109258	109264
1	109265	111548
1	111549	111567
1	111568	112990
1	112991	112997
1	112998	113095
1	113096	113109
1	113110	113983
1	113984	114009
1	114010	114031
1	114032	114560
1	114561	114580
1	114581	114592
1	114593	114603
1	114604	114621
1	114622	114640
1	114641	116565
1	116566	116581
1	116582	116599
1	116600	116608
1	116609	116713
1	116714	120079
1	120080	120192
1	120193	120257
1	120258	120268
1	120269	124491
1	124492	124550
1	124551	125622
1	125623	125709
1	125710	127286
1	127287	127312
1	127313	127319
1	127320	130138
1	130139	130168
1	130169	130486
1	130487	130493
1	130494	130645
1	130646	134638
1	134639	134660
1	134661	134672
1	134673	134903
1	134904	136591
1	136592	136754
1	136755	136876
1	136877	136900
1	136901	138116
1	138117	138159
1	138160	142465
1	142466	142484
1	142485	142494
1	142495	142503
1	142504	142904
1	142905	142913
1	142914	143641
1	143642	143664
1	143665	143687
1	143688	143702
1	143703	143721
1	143722	143855
1	143856	143907
1	143908	143973
1	143974	143991
1	143992	144011
1	144012	144028
1	144029	144036
1	144037	144076
1	144077	144163
1	144164	144546
1	144547	144573
1	144574	144586
1	144587	144631
1	144632	144643
1	144644	144664
1	144665	144681
1	144682	144762
1	144763	144835
1	144836	144847
1	144848	144908
1	144909	144919
1	144920	144926
1	144927	144942
1	144943	145037
1	145038	145432
1	145433	145446
1	145447	145461
1	145462	145535
1	145536	145557
1	145558	145587
1	145588	145679
1	145680	145687
1	145688	145834
1	145835	145960
1	145961	146321
1	146322	146360
1	146361	146379
1	146380	146737
1	146738	148443
1	148444	148452
1	148453	148471
1	148472	148479
1	148480	148543
1	148544	148649
1	148650	148698
1	148699	148707
1	148708	148869
1	148870	148961
1	148962	149012
1	149013	149058
1	149059	150252
1	150253	150282
1	150283	151318
1	151319	151425
1	151426	151464
1	151465	151522
1	151523	151538
1	151539	151580
1	151581	152833
1	152834	152843
1	152844	152912
1	152913	152924
1	152925	152936
1	152937	152974
1	152975	153093
1	153094	153128
1	153129	153188
1	153189	153218
1	153219	153227
1	153228	153256
1	153257	154341
1	154342	154380
1	154381	154412
1	154413	154443
1	154444	154575
1	154576	154622
1	154623	154677
1	154678	154687
1	154688	154697
1	154698	154728
1	154729	155709
1	155710	155826
1	155827	155849
1	155850	155879
1	155880	157098
1	157099	157667
1	157668	157689
1	157690	158075
1	158076	158119
1	158120	158133
1	158134	159016
1	159017	159079
1	159080	160347
1	160348	160432
1	160433	160495
1	160496	160644
1	160645	160671
1	160672	160682
1	160683	160689
1	160690	160703
1	160704	160712
1	160713	160810
1	160811	160829
1	160830	161616
1	161617	161676
1	161677	161716
1	161717	161873
1	161874	161899
1	161900	161918
1	161919	161934
1	161935	162115
1	162116	162128
1	162129	162157
1	162158	162212
1	162213	162288
1	162289	162320
1	162321	162333
1	162334	163647
1	163648	163655
1	163656	163706
1	163707	164977
1	164978	165554
1	165555	165704
1	165705	165823
1	165824	165833
1	165834	166979
1	166980	167029
1	167030	167051
1	167052	167082
1	167083	167226
1	167227	167316
1	167317	167524
1	167525	167568
1	167569	167584
1	167585	167602
1	167603	167646
1	167647	169846
1	169847	169917
1	169918	169937
1	169938	170005
1	170006	170120
1	170121	170173
1	170174	170187
1	170188	170281
1	170282	170303
1	170304	170533
1	170534	170557
1	170558	170580
1	170581	170604
1	170605	170614
1	170615	170626
1	170627	170635
1	170636	170666
1	170667	171429
1	171430	171487
1	171488	171509
1	171510	171524
1	171525	171823
1	171824	171869
1	171870	171941
1	171942	171952
1	171953	171983
1	171984	172578
1	172579	172593
1	172594	172751
1	172752	174970
1	174971	175025
1	175026	175036
1	175037	175049
1	175050	175090
1	175091	175097
1	175098	175140
1	175141	175156
1	175157	175310
1	175311	175331
1	175332	175368
1	175369	175516
1	175517	175591
1	175592	175683
1	175684	175796
1	175797	175925
1	175926	175942
1	175943	175961
1	175962	176003
1	176004	176246
1	176247	176254
1	176255	176291
1	176292	176311
1	176312	176355
1	176356	176885
1	176886	177599
1	177600	177609
1	177610	177616
1	177617	178454
1	178455	178560
1	178561	178567
1	178568	178596
1	178597	178626
1	178627	179904
1	179905	179957
1	179958	179969
1	179970	180123
1	180124	180156
1	180157	180177
1	180178	181234
1	181235	182000
1	182001	182043
1	182044	182097
1	182098	182400
1	182401	182436
1	182437	182495
1	182496	182532
1	182533	184193
1	184194	184209
1	184210	184217
1	184218	184241
1	184242	184288
1	184289	184312
1	184313	184319
1	184320	184419
1	184420	184467
1	184468	184522
1	184523	184541
1	184542	184618
1	184619	185228
1	185229	185261
1	185262	185294
1	185295	185310
1	185311	185401
1	185402	185418
1	185419	185488
1	185489	185497
1	185498	185508
1	185509	185543
1	185544	185835
1	185836	185849
1	185850	186488
1	186489	186546
1	186547	186825
1	186826	186846
1	186847	186855
1	186856	187186
1	187187	187213
1	187214	187236
1	187237	187319
1	187320	187433
1	187434	187514
1	187515	187570
1	187571	187720
1	187721	187758
1	187759	187805
1	187806	187816
1	187817	187838
1	187839	187935
1	187936	188070
1	188071	188083
1	188084	188111
1	188112	188127
1	188128	188206
1	188207	188226
1	188227	188242
1	188243	188269
1	188270	188291
1	188292	188740
1	188741	188751
1	188752	188773
1	188774	188803
1	188804	188815
1	188816	188829
1	188830	188871
1	188872	188976
1	188977	189030
1	189031	189099
1	189100	189109
1	189110	189693
1	189694	189767
1	189768	189857
1	189858	190415
1	190416	190481
1	190482	191262
1	191263	191295
1	191296	191313
1	191314	191323
1	191324	191335
1	191336	191345
1	191346	191356
1	191357	192000
1	192001	192059
1	192060	193464
1	193465	193481
1	193482	195082
1	195083	195137
1	195138	195545
1	195546	195988
1	195989	196013
1	196014	196130
1	196131	196163
1	196164	196204
1	196205	196251
1	196252	196460
1	196461	196667
1	196668	196692
1	196693	196775
1	196776	196823
1	196824	196833
1	196834	196897
1	196898	197126
1	197127	197157
1	197158	197301
1	197302	197430
1	197431	197464
1	197465	197474
1	197475	197494
1	197495	197514
1	197515	197690
1	197691	197734
1	197735	197742
1	197743	197918
1	197919	197927
1	197928	197954
1	197955	197962
1	197963	198037
1	198038	198215
1	198216	198239
1	198240	198258
1	198259	198272
1	198273	198296
1	198297	198312
1	198313	199431
1	199432	199450
1	199451	201161
1	201162	201289
1	201290	201299
1	201300	201329
1	201330	201337
1	201338	201366
1	201367	201437
1	201438	201463
1	201464	201498
1	201499	201550
1	201551	201559
1	201560	201615
1	201616	201627
1	201628	201765
1	201766	201779
1	201780	201897
1	201898	201920
1	201921	201931
1	201932	201985
1	201986	204540
1	204541	204580
1	204581	204592
1	204593	204608
1	204609	204645
1	204646	204660
1	204661	205573
1	205574	205612
1	205613	205656
1	205657	205749
1	205750	205933
1	205934	205949
1	205950	206040
1	206041	206050
1	206051	206066
1	206067	206567
1	206568	206678
1	206679	206777
1	206778	206814
1	206815	206828
1	206829	206852
1	206853	207573
1	207574	207602
1	207603	207981
1	207982	208026
1	208027	208176
1	208177	210292
1	210293	210366
1	210367	210377
1	210378	210564
1	210565	210585
1	210586	210614
1	210615	210622
1	210623	210629
1	210630	210661
1	210662	211124
1	211125	211153
1	211154	211252
1	211253	211314
1	211315	211321
1	211322	211330
1	211331	211769
1	211770	211783
1	211784	211840
1	211841	211860
1	211861	211868
1	211869	212056
1	212057	212075
1	212076	212246
1	212247	212276
1	212277	212344
1	212345	212355
1	212356	212367
1	212368	212406
1	212407	212496
1	212497	212503
1	212504	212517
1	212518	212527
1	212528	212535
1	212536	212550
1	212551	212557
1	212558	212641
1	212642	212669
1	212670	212694
1	212695	212722
1	212723	212785
1	212786	212851
1	212852	212867
1	212868	212883
1	212884	212895
1	212896	212910
1	212911	213026
1	213027	213147
1	213148	213160
1	213161	213177
1	213178	215648
1	215649	215748
1	215749	216135
1	216136	216188
1	216189	216274
1	216275	216284
1	216285	220015
1	220016	220196
1	220197	220362
1	220363	220572
1	220573	220669
1	220670	220702
1	220703	220719
1	220720	220777
1	220778	220811
1	220812	220821
1	220822	222845
1	222846	222860
1	222861	222915
1	222916	222943
1	222944	222951
1	222952	223057
1	223058	223122
1	223123	223143
1	223144	223229
1	223230	223711
1	223712	223809
1	223810	223831
1	223832	223882
1	223883	223998
1	223999	224080
1	224081	224090
1	224091	224131
1	224132	224242
1	224243	224283
1	224284	224328
1	224329	224361
1	224362	224433
1	224434	224442
1	224443	224451
1	224452	224979
1	224980	225285
1	225286	225305
1	225306	225378
1	225379	225385
1	225386	225414
1	225415	225457
1	225458	225478
1	225479	225519
1	225520	228586
1	228587	228759
1	228760	228777
1	228778	230409
1	230410	230477
1	230478	230505
1	230506	231258
1	231259	231512
1	231513	231551
1	231552	231571
1	231572	231759
1	231760	231840
1	231841	231872
1	231873	231886
1	231887	231896
1	231897	231928
1	231929	231944
1	231945	231966
1	231967	232005
1	232006	232041
1	232042	232056
1	232057	232068
1	232069	232080
1	232081	232089
1	232090	232326
1	232327	232341
1	232342	232719
1	232720	232740
1	232741	232772
1	232773	235512
1	235513	238920
1	238921	238938
1	238939	239258
1	239259	240059
1	240060	240071
1	240072	240104
1	240105	242055
1	242056	243913
1	243914	244234
1	244235	244259
1	244260	244303
1	244304	244858
1	244859	244885
1	244886	244909
1	244910	245048
1	245049	245137
1	245138	245311
1	245312	245374
1	245375	248203
1	248204	248223
1	248224	248257
1	248258	248271
1	248272	248343
1	248344	248371
1	248372	248593
1	248594	248617
1	248618	248692
1	248693	248858
1	248859	248892
1	248893	248904
1	248905	249032
1	249033	249065
1	249066	249095
1	249096	249145
1	249146	249165
1	249166	249199
1	249200	249248
1	249249	249282
1	249283	249292
1	249293	249323
1	249324	249385
1	249386	249402
1	249403	249436
1	249437	249534
1	249535	249621
1	249622	249654
1	249655	249771
1	249772	249792
1	249793	251307
1	251308	251318
1	251319	251361
1	251362	251464
1	251465	251494
1	251495	251521
1	251522	251796
1	251797	251819
1	251820	251890
1	251891	251906
1	251907	251923
1	251924	251936
1	251937	252198
1	252199	252205
1	252206	252280
1	252281	252298
1	252299	252376
1	252377	252393
1	252394	252403
1	252404	252668
1	252669	252683
1	252684	252694
1	252695	252881
1	252882	252895
1	252896	252907
1	252908	252920
1	252921	252968
1	252969	252987
1	252988	253585
1	253586	253616
1	253617	253636
1	253637	253660
1	253661	253667
1	253668	253680
1	253681	253691
1	253692	254679
1	254680	254699
1	254700	254710
1	254711	254824
1	254825	256007
1	256008	256314
1	256315	256322
1	256323	256736
1	256737	256772
1	256773	256797
1	256798	256840
1	256841	256851
1	256852	257016
1	257017	257262
1	257263	257337
1	257338	257354
1	257355	257564
1	257565	257595
1	257596	257646
1	257647	257655
1	257656	257805
1	257806	258036
1	258037	258179
1	258180	258320
1	258321	258361
1	258362	258402
1	258403	258422
1	258423	258655
1	258656	258724
1	258725	258789
1	258790	258907
1	258908	259364
1	259365	259427
1	259428	259527
1	259528	259554
1	259555	259584
1	259585	259629
1	259630	259664
1	259665	259703
1	259704	259731
1	259732	259743
1	259744	259883
1	259884	260025
1	260026	260040
1	260041	260053
1	260054	260067
1	260068	260174
1	260175	260183
1	260184	260211
1	260212	260223
1	260224	260290
1	260291	260339
1	260340	260371
1	260372	260395
1	260396	260427
1	260428	260437
1	260438	260456
1	260457	260480
1	260481	260520
1	260521	260625
1	260626	260718
1	260719	260729
1	260730	260856
1	260857	260892
1	260893	260953
1	260954	261042
1	261043	261072
1	261073	261208
1	261209	261268
1	261269	261333
1	261334	261348
1	261349	261359
1	261360	261404
1	261405	261415
1	261416	261424
1	261425	261444
1	261445	261479
1	261480	261529
1	261530	261561
1	261562	261575
1	261576	261593
1	261594	261603
1	261604	261620
1	261621	261627
1	261628	261640
1	261641	261657
1	261658	261746
1	261747	261790
1	261791	261800
1	261801	261818
1	261819	261828
1	261829	261862
1	261863	261907
1	261908	261956
1	261957	261993
1	261994	262005
1	262006	262036
1	262037	262056
1	262057	262064
1	262065	262491
1	262492	262512
1	262513	262541
1	262542	262571
1	262572	263140
1	263141	263183
1	263184	263191
1	263192	263204
1	263205	263324
1	263325	263385
1	263386	263403
1	263404	263418
1	263419	263442
1	263443	263457
1	263458	263468
1	263469	263479
1	263480	263557
1	263558	263604
1	263605	263626
1	263627	263651
1	263652	264002
1	264003	264024
1	264025	264039
1	264040	264477
1	264478	264562
1	264563	264581
1	264582	264665
1	264666	264678
1	264679	264686
1	264687	264729
1	264730	264785
1	264786	264804
1	264805	264884
1	264885	264906
1	264907	264946
1	264947	264955
1	264956	264967
1	264968	265003
1	265004	265029
1	265030	265041
1	265042	265100
1	265101	265117
1	265118	268785
1	268786	268805
1	268806	268833
1	268834	268935
1	268936	268982
1	268983	269391
1	269392	269428
1	269429	269526
1	269527	269535
1	269536	269591
1	269592	269611
1	269612	269626
1	269627	269967
1	269968	269997
1	269998	270031
1	270032	270070
1	270071	270442
1	270443	270655
1	270656	270670
1	270671	270677
1	270678	270709
1	270710	270762
1	270763	270786
1	270787	271749
1	271750	271761
1	271762	271774
1	271775	271790
1	271791	271813
1	271814	271872
1	271873	271908
1	271909	271928
1	271929	271946
1	271947	271958
1	271959	272014
1	272015	272057
1	272058	272106
1	272107	272115
1	272116	272474
1	272475	272650
1	272651	272712
1	272713	272728
1	272729	272747
1	272748	272770
1	272771	272791
1	272792	272798
1	272799	272822
1	272823	272866
1	272867	272890
1	272891	272926
1	272927	273377
1	273378	273390
1	273391	273473
1	273474	273481
1	273482	273507
1	273508	273515
1	273516	273561
1	273562	273569
1	273570	273614
1	273615	273675
1	273676	273713
1	273714	273724
1	273725	273741
1	273742	273756
1	273757	273775
1	273776	274288
1	274289	274324
1	274325	274407
1	274408	274459
1	274460	274477
1	274478	274630
1	274631	274640
1	274641	274650
1	274651	274726
1	274727	274737
1	274738	274771
1	274772	274798
1	274799	274845
1	274846	274912
1	274913	275105
1	275106	275167
1	275168	275183
1	275184	275193
1	275194	275212
1	275213	275231
1	275232	275280
1	275281	275347
1	275348	275365
1	275366	275534
1	275535	275541
1	275542	275565
1	275566	275601
1	275602	275776
1	275777	275788
1	275789	275817
1	275818	275846
1	275847	275855
1	275856	275938
1	275939	275958
1	275959	275999
1	276000	276006
1	276007	276276
1	276277	276380
1	276381	276417
1	276418	276447
1	276448	276970
1	276971	277241
1	277242	280986
1	280987	281070
1	281071	282217
1	282218	283755
1	283756	283887
1	283888	285326
1	285327	285334
1	285335	285406
1	285407	285502
1	285503	285533
1	285534	285558
1	285559	286194
1	286195	286207
1	286208	286225
1	286226	286322
1	286323	286339
1	286340	286524
1	286525	286715
1	286716	286775
1	286776	286908
1	286909	287085
1	287086	287093
1	287094	287110
1	287111	287130
1	287131	287592
1	287593	287651
1	287652	287699
1	287700	287714
1	287715	287738
1	287739	287784
1	287785	287856
1	287857	287864
1	287865	290863
1	290864	291930
1	291931	291941
1	291942	291953
1	291954	292100
1	292101	292122
1	292123	292147
1	292148	292164
1	292165	292180
1	292181	292198
1	292199	292215
1	292216	292245
1	292246	292254
1	292255	292277
1	292278	292326
1	292327	292358
1	292359	292575
1	292576	292609
1	292610	292705
1	292706	292722
1	292723	296122
1	296123	296154
1	296155	296208
1	296209	297019
1	297020	297159
1	297160	297204
1	297205	297230
1	297231	298876
1	298877	298900
1	298901	298955
1	298956	298967
1	298968	298980
1	298981	299014
1	299015	299065
1	299066	299209
1	299210	299529
1	299530	299918
1	299919	300900
1	300901	300936
1	300937	301027
1	301028	302853
1	302854	302860
1	302861	302878
1	302879	302897
1	302898	302912
1	302913	302929
1	302930	302949
1	302950	302962
1	302963	303015
1	303016	304068
1	304069	304130
1	304131	304144
1	304145	304181
1	304182	304352
1	304353	304379
1	304380	304446
1	304447	304459
1	304460	304800
1	304801	304832
1	304833	304840
1	304841	304869
1	304870	304901
1	304902	304925
1	304926	305044
1	305045	305171
1	305172	305281
1	305282	305378
1	305379	306920
1	306921	306937
1	306938	307012
1	307013	307582
1	307583	307600
1	307601	307617
1	307618	307822
1	307823	307894
1	307895	309479
1	309480	309698
1	309699	310021
1	310022	310254
1	310255	313690
1	313691	313722
1	313723	313966
1	313967	313984
1	313985	314033
1	314034	314054
1	314055	314097
1	314098	314127
1	314128	314190
1	314191	314206
1	314207	314615
1	314616	314725
1	314726	314797
1	314798	314933
1	314934	315100
1	315101	315757
1	315758	315770
1	315771	315910
1	315911	315925
1	315926	315942
1	315943	315985
1	315986	316019
1	316020	316127
1	316128	316137
1	316138	316144
1	316145	317825
1	317826	317933
1	317934	321478
1	321479	321793
1	321794	321867
1	321868	322240
1	322241	322375
1	322376	322524
1	322525	322560
1	322561	322581
1	322582	322834
1	322835	322964
1	322965	322975
1	322976	323088
1	323089	323109
1	323110	323150
1	323151	323181
1	323182	323190
1	323191	323525
1	323526	323532
1	323533	323550
1	323551	323560
1	323561	323676
1	323677	323708
1	323709	323744
1	323745	323793
1	323794	323837
1	323838	323853
1	323854	323867
1	323868	323878
1	323879	323888
1	323889	323915
1	323916	323940
1	323941	323948
1	323949	323971
1	323972	323992
1	323993	324006
1	324007	324030
1	324031	324037
1	324038	324063
1	324064	324084
1	324085	324145
1	324146	324207
1	324208	324385
1	324386	327021
1	327022	327053
1	327054	327074
1	327075	327127
1	327128	329605
1	329606	329881
1	329882	331228
1	331229	331242
1	331243	331251
1	331252	331264
1	331265	331289
1	331290	331296
1	331297	331424
1	331425	331434
1	331435	331442
1	331443	331504
1	331505	331526
1	331527	331533
1	331534	331541
1	331542	331560
1	331561	331580
1	331581	331591
1	331592	332692
1	332693	332709
1	332710	332719
1	332720	332739
1	332740	333690
1	333691	333898
1	333899	333910
1	333911	333934
1	333935	333949
1	333950	333959
1	333960	333970
1	333971	335697
1	335698	335719
1	335720	335752
1	335753	335801
1	335802	344371
1	344372	344388
1	344389	344436
1	344437	344443
1	344444	344477
1	344478	344489
1	344490	344506
1	344507	344519
1	344520	344629
1	344630	348390
1	348391	348472
1	348473	353813
1	353814	353844
1	353845	370832
1	370833	370865
1	370866	370885
1	370886	371102
1	371103	371121
1	371122	371452
1	371453	375310
1	375311	375338
1	375339	377990
1	377991	378009
1	378010	378063
1	378064	378140
1	378141	382614
1	382615	382716
1	382717	382934
1	382935	383004
1	383005	383085
1	383086	383134
1	383135	383191
1	383192	387653
1	387654	396923
1	396924	396932
1	396933	396959
1	396960	397022
1	397023	406087
1	406088	406101
1	406102	409085
1	409086	409094
1	409095	409158
1	409159	409186
1	409187	409196
1	409197	414011
1	414012	414136
1	414137	414146
1	414147	414233
1	414234	414262
1	414263	418292
1	418293	418408
1	418409	422506
1	422507	422597
1	422598	422608
1	422609	442961
1	442962	442970
1	442971	442992
1	442993	443013
1	443014	443047
1	443048	443059
1	443060	443104
1	443105	443113
1	443114	443127
1	443128	443156
1	443157	446790
1	446791	446891
1	446892	447047
1	447048	447056
1	447057	447132
1	447133	447248
1	447249	451807
1	451808	456192
1	456193	456341
1	456342	456409
1	456410	456510
1	456511	456528
1	456529	456553
1	456554	456562
1	456563	456594
1	456595	456610
1	456611	456676
1	456677	456728
1	456729	456744
1	456745	458347
1	458348	458365
1	458366	458384
1	458385	458567
1	458568	459862
1	459863	459874
1	459875	459891
1	459892	460427
1	460428	462004
1	462005	462158
1	462159	464260
1	464261	464270
1	464271	464406
1	464407	464422
1	464423	464522
1	464523	464563
1	464564	465323
1	465324	465381
1	465382	465448
1	465449	465459
1	465460	465733
1	465734	465741
1	465742	465795
1	465796	465862
1	465863	465878
1	465879	466285
1	466286	466320
1	466321	466357
1	466358	466380
1	466381	467583
1	467584	470863
1	470864	470882
1	470883	471310
1	471311	471375
1	471376	473032
1	473033	473052
1	473053	473095
1	473096	473269
1	473270	473291
1	473292	473659
1	473660	475950
1	475951	476005
1	476006	476104
1	476105	476124
1	476125	476168
1	476169	476179
1	476180	476191
1	476192	476333
1	476334	476522
1	476523	476668
1	476669	476680
1	476681	476695
1	476696	476714
1	476715	478345
1	478346	478637
1	478638	478658
1	478659	478856
1	478857	478926
1	478927	479126
1	479127	479137
1	479138	479226
1	479227	479235
1	479236	479250
1	479251	480679
1	480680	480711
1	480712	481045
1	481046	481319
1	481320	481621
1	481622	481690
1	481691	481698
1	481699	481826
1	481827	481946
1	481947	482094
1	482095	482107
1	482108	482161
1	482162	482519
1	482520	482578
1	482579	482635
1	482636	482716
1	482717	482735
1	482736	482824
1	482825	482871
1	482872	485748
1	485749	485760
1	485761	485774
1	485775	485791
1	485792	485801
1	485802	485809
1	485810	485817
1	485818	487312
1	487313	487392
1	487393	487469
1	487470	487477
1	487478	487504
1	487505	487532
1	487533	487548
1	487549	487611
1	487612	487636
1	487637	487653
1	487654	487660
1	487661	487681
1	487682	487689
1	487690	487740
1	487741	487824
1	487825	487850
1	487851	489725
1	489726	489739
1	489740	489775
1	489776	489924
1	489925	489938
1	489939	490135
1	490136	490147
1	490148	490326
1	490327	490384
1	490385	490449
1	490450	490467
1	490468	490636
1	490637	490652
1	490653	490672
1	490673	490702
1	490703	490726
1	490727	490734
1	490735	490744
1	490745	490829
1	490830	490863
1	490864	491078
1	491079	491182
1	491183	491320
1	491321	491334
1	491335	491345
1	491346	491580
1	491581	491821
1	491822	491953
1	491954	492000
1	492001	492034
1	492035	492044
1	492045	492193
1	492194	492239
1	492240	492257
1	492258	492281
1	492282	492302
1	492303	492333
1	492334	492353
1	492354	492448
1	492449	492461
1	492462	492469
1	492470	492484
1	492485	492492
1	492493	492509
1	492510	492523
1	492524	492551
1	492552	492679
1	492680	492735
1	492736	492744
1	492745	492762
1	492763	492774
1	492775	492802
1	492803	492844
1	492845	492866
1	492867	492901
1	492902	492942
1	492943	492959
1	492960	492976
1	492977	493004
1	493005	493048
1	493049	493075
1	493076	493095
1	493096	493109
1	493110	493123
1	493124	493164
1	493165	493182
1	493183	493198
1	493199	493222
1	493223	493320
1	493321	493362
1	493363	493498
1	493499	493825
1	493826	493857
1	493858	493930
1	493931	493961
1	493962	494008
1	494009	499140
1	499141	499160
1	499161	499275
1	499276	499291
1	499292	499332
1	499333	499350
1	499351	499365
1	499366	499606
1	499607	499617
1	499618	499737
1	499738	499786
1	499787	499804
1	499805	499824
1	499825	499848
1	499849	499883
1	499884	499963
1	499964	502812
1	502813	502916
1	502917	506161
1	506162	506185
1	506186	510829
1	510830	510837
1	510838	510871
1	510872	514484
1	514485	514992
1	514993	515317
1	515318	515342
1	515343	515384
1	515385	515454
1	515455	515463
1	515464	515658
1	515659	515684
1	515685	515697
1	515698	515729
1	515730	515855
1	515856	515990
1	515991	516008
1	516009	531951
1	531952	535988
1	535989	535997
1	535998	536019
1	536020	536030
1	536031	536037
1	536038	536067
1	536068	536082
1	536083	536103
1	536104	536138
1	536139	536227
1	536228	536336
1	536337	536355
1	536356	536373
1	536374	536463
1	536464	536473
1	536474	536499
1	536500	536530
1	536531	536546
1	536547	536567
1	536568	536634
1	536635	536649
1	536650	536708
1	536709	537120
1	537121	537133
1	537134	537625
1	537626	537656
1	537657	537674
1	537675	537696
1	537697	537708
1	537709	537748
1	537749	538161
1	538162	538176
1	538177	538189
1	538190	538205
1	538206	538236
1	538237	538269
1	538270	538276
1	538277	538283
1	538284	538306
1	538307	538350
1	538351	538412
1	538413	538426
1	538427	538444
1	538445	538472
1	538473	538484
1	538485	538522
1	538523	538552
1	538553	538633
1	538634	538648
1	538649	538656
1	538657	538670
1	538671	538691
1	538692	538816
1	538817	538843
1	538844	539150
1	539151	539164
1	539165	539203
1	539204	539216
1	539217	539249
1	539250	539756
1	539757	539771
1	539772	539782
1	539783	539878
1	539879	539909
1	539910	540000
1	540001	540032
1	540033	540184
1	540185	540385
1	540386	541007
1	541008	541029
1	541030	541097
1	541098	541169
1	541170	541623
1	541624	543897
1	543898	543969
1	543970	544132
1	544133	544144
1	544145	544680
1	544681	544720
1	544721	544810
1	544811	545020
1	545021	545066
1	545067	545256
1	545257	545295
1	545296	545907
1	545908	545914
1	545915	545947
1	545948	545958
1	545959	546029
1	546030	546108
1	546109	546118
1	546119	546139
1	546140	546163
1	546164	546189
1	546190	547755
1	547756	547802
1	547803	547840
1	547841	547850
1	547851	547912
1	547913	547938
1	547939	547952
1	547953	548042
1	548043	548055
1	548056	548111
1	548112	548374
1	548375	549018
1	549019	549036
1	549037	549071
1	549072	549096
1	549097	549155
1	549156	549189
1	549190	549241
1	549242	549389
1	549390	549426
1	549427	549509
1	549510	549516
1	549517	549561
1	549562	549600
1	549601	549619
1	549620	549645
1	549646	549726
1	549727	549734
1	549735	550192
1	550193	550201
1	550202	550208
1	550209	550277
1	550278	551673
1	551674	551694
1	551695	551735
1	551736	551746
1	551747	551754
1	551755	551765
1	551766	551792
1	551793	552081
1	552082	552092
1	552093	552391
1	552392	552404
1	552405	552420
1	552421	552484
1	552485	552496
1	552497	552518
1	552519	552781
1	552782	552814
1	552815	552821
1	552822	552840
1	552841	552952
1	552953	552964
1	552965	553073
1	553074	553114
1	553115	553123
1	553124	553149
1	553150	553213
1	553214	553606
1	553607	553697
1	553698	553718
1	553719	553752
1	553753	553790
1	553791	553828
1	553829	553861
1	553862	553870
1	553871	553903
1	553904	554022
1	554023	554225
1	554226	554239
1	554240	554246
1	554247	554485
1	554486	554555
1	554556	554588
1	554589	554614
1	554615	554621
1	554622	554689
1	554690	554720
1	554721	554746
1	554747	554995
1	554996	555050
1	555051	555064
1	555065	555101
1	555102	555288
1	555289	555454
1	555455	555471
1	555472	555493
1	555494	555509
1	555510	555663
1	555664	555680
1	555681	555689
1	555690	555713
1	555714	555720
1	555721	555737
1	555738	555750
1	555751	555767
1	555768	555804
1	555805	556181
1	556182	556267
1	556268	556348
1	556349	556357
1	556358	556380
1	556381	556408
1	556409	556416
1	556417	556480
1	556481	556491
1	556492	557340
1	557341	557366
1	557367	557422
1	557423	557984
1	557985	558010
1	558011	558379
1	558380	558418
1	558419	558435
1	558436	558453
1	558454	558470
1	558471	560234
1	560235	560379
1	560380	561519
1	561520	561619
1	561620	561664
1	561665	561678
1	561679	561799
1	561800	561812
1	561813	561841
1	561842	561851
1	561852	561862
1	561863	561869
1	561870	561896
1	561897	562132
1	562133	562160
1	562161	562172
1	562173	562185
1	562186	562590
1	562591	562738
1	562739	564622
1	564623	564703
1	564704	564710
1	564711	564859
1	564860	564871
1	564872	564932
1	564933	565027
1	565028	565070
1	565071	565089
1	565090	565429
1	565430	565456
1	565457	565468
1	565469	565483
1	565484	565493
1	565494	565502
1	565503	565519
1	565520	565553
1	565554	565606
1	565607	565622
1	565623	565634
1	565635	565769
1	565770	565805
1	565806	566083
1	566084	566103
1	566104	566111
1	566112	566239
1	566240	566323
1	566324	566343
1	566344	566389
1	566390	566404
1	566405	566424
1	566425	566443
1	566444	566452
1	566453	566460
1	566461	566470
1	566471	566505
1	566506	566534
1	566535	566571
1	566572	566579
1	566580	566622
1	566623	566667
1	566668	566762
1	566763	566790
1	566791	566800
1	566801	567061
1	567062	567085
1	567086	567392
1	567393	567404
1	567405	567420
1	567421	567453
1	567454	567496
1	567497	567507
1	567508	567524
1	567525	567532
1	567533	567553
1	567554	567584
1	567585	567644
1	567645	567699
1	567700	567723
1	567724	567917
1	567918	567965
1	567966	567978
1	567979	568011
1	568012	568101
1	568102	568131
1	568132	568146
1	568147	568439
1	568440	568450
1	568451	568594
1	568595	568615
1	568616	568644
1	568645	568651
1	568652	568663
1	568664	568685
1	568686	568702
1	568703	568771
1	568772	568780
1	568781	568808
1	568809	569163
1	569164	569280
1	569281	569294
1	569295	569317
1	569318	569336
1	569337	569352
1	569353	569612
1	569613	569668
1	569669	569699
1	569700	569728
1	569729	569739
1	569740	569748
1	569749	569863
1	569864	569879
1	569880	570072
1	570073	570093
1	570094	570133
1	570134	570576
1	570577	570591
1	570592	570604
1	570605	570631
1	570632	570645
1	570646	570663
1	570664	570698
1	570699	570721
1	570722	570739
1	570740	570756
1	570757	570766
1	570767	570778
1	570779	570798
1	570799	570851
1	570852	570884
1	570885	570891
1	570892	570952
1	570953	570967
1	570968	571066
1	571067	571102
1	571103	571129
1	571130	571154
1	571155	571167
1	571168	571199
1	571200	571262
1	571263	571288
1	571289	571295
1	571296	571468
1	571469	571530
1	571531	571549
1	571550	571587
1	571588	571743
1	571744	571767
1	571768	572054
1	572055	572105
1	572106	572130
1	572131	572199
1	572200	572208
1	572209	572239
1	572240	572251
1	572252	572259
1	572260	572924
1	572925	572954
1	572955	572989
1	572990	572998
1	572999	573011
1	573012	573022
1	573023	574686
1	574687	574700
1	574701	574749
1	574750	574811
1	574812	575275
1	575276	575308
1	575309	575405
1	575406	575449
1	575450	575497
1	575498	575524
1	575525	575541
1	575542	575688
1	575689	575695
1	575696	576351
1	576352	576417
1	576418	576424
1	576425	576453
1	576454	576683
1	576684	576716
1	576717	576736
1	576737	576761
1	576762	576782
1	576783	576796
1	576797	576900
1	576901	576917
1	576918	576940
1	576941	577059
1	577060	578002
1	578003	578020
1	578021	578027
1	578028	578036
1	578037	578060
1	578061	578219
1	578220	578253
1	578254	578277
1	578278	578303
1	578304	578321
1	578322	578398
1	578399	578425
1	578426	578436
1	578437	578459
1	578460	579592
1	579593	579690
1	579691	581097
1	581098	581222
1	581223	581479
1	581480	581531
1	581532	581538
1	581539	581552
1	581553	581564
1	581565	581576
1	581577	581730
1	581731	581907
1	581908	582037
1	582038	582063
1	582064	582092
1	582093	582158
1	582159	582177
1	582178	582193
1	582194	582383
1	582384	582394
1	582395	582660
1	582661	582681
1	582682	583068
1	583069	583136
1	583137	583158
1	583159	583468
1	583469	583480
1	583481	583493
1	583494	583557
1	583558	583639
1	583640	583663
1	583664	583674
1	583675	583788
1	583789	583802
1	583803	583893
1	583894	584095
1	584096	584148
1	584149	584189
1	584190	584367
1	584368	584488
1	584489	584509
1	584510	584526
1	584527	584563
1	584564	584596
1	584597	584755
1	584756	584764
1	584765	584777
1	584778	584808
1	584809	584839
1	584840	584908
1	584909	585040
1	585041	585177
1	585178	585213
1	585214	585280
1	585281	585316
1	585317	585453
1	585454	585465
1	585466	585487
1	585488	585500
1	585501	585516
1	585517	585530
1	585531	585538
1	585539	585559
1	585560	585612
1	585613	585660
1	585661	585700
1	585701	585737
1	585738	585890
1	585891	585919
1	585920	585936
1	585937	585995
1	585996	586020
1	586021	586081
1	586082	586109
1	586110	586127
1	586128	586138
1	586139	586166
1	586167	586182
1	586183	586342
1	586343	586373
1	586374	586439
1	586440	586501
1	586502	586554
1	586555	586627
1	586628	586636
1	586637	586652
1	586653	586939
1	586940	587036
1	587037	587284
1	587285	587296
1	587297	587307
1	587308	587372
1	587373	587438
1	587439	587481
1	587482	587496
1	587497	587504
1	587505	587519
1	587520	587550
1	587551	587623
1	587624	587683
1	587684	587710
1	587711	587832
1	587833	587839
1	587840	588181
1	588182	588214
1	588215	588507
1	588508	588516
1	588517	588538
1	588539	588560
1	588561	588573
1	588574	588582
1	588583	588601
1	588602	588610
1	588611	588644
1	588645	588694
1	588695	588703
1	588704	588711
1	588712	588722
1	588723	588734
1	588735	588820
1	588821	588899
1	588900	589040
1	589041	589073
1	589074	589089
1	589090	589122
1	589123	589132
1	589133	589160
1	589161	589181
1	589182	589195
1	589196	589251
1	589252	589260
1	589261	589298
1	589299	589324
1	589325	589333
1	589334	589361
1	589362	589377
1	589378	589392
1	589393	589493
1	589494	590242
1	590243	590267
1	590268	590306
1	590307	590821
1	590822	590832
1	590833	590872
1	590873	590894
1	590895	593730
1	593731	593742
1	593743	593757
1	593758	593780
1	593781	593787
1	593788	593805
1	593806	593857
1	593858	593864
1	593865	594007
1	594008	594021
1	594022	594040
1	594041	594212
1	594213	594247
1	594248	594753
1	594754	595128
1	595129	595143
1	595144	595171
1	595172	595233
1	595234	597917
1	597918	597944
1	597945	598126
1	598127	598152
1	598153	598165
1	598166	598200
1	598201	598292
1	598293	598315
1	598316	598331
1	598332	598343
1	598344	598426
1	598427	598449
1	598450	598469
1	598470	598489
1	598490	598528
1	598529	598542
1	598543	598553
1	598554	598565
1	598566	598582
1	598583	598598
1	598599	598610
1	598611	598643
1	598644	598678
1	598679	598689
1	598690	598701
1	598702	598711
1	598712	598744
1	598745	598783
1	598784	598810
1	598811	598821
1	598822	598852
1	598853	598883
1	598884	598926
1	598927	598936
1	598937	598974
1	598975	598993
1	598994	599000
1	599001	599018
1	599019	599087
1	599088	599118
1	599119	599127
1	599128	599146
1	599147	599170
1	599171	599217
1	599218	599236
1	599237	599249
1	599250	599282
1	599283	599295
1	599296	599388
1	599389	599461
1	599462	599504
1	599505	599511
1	599512	599524
1	599525	599565
1	599566	599605
1	599606	599689
1	599690	599723
1	599724	599833
1	599834	599862
1	599863	599875
1	599876	599882
1	599883	599899
1	599900	600015
1	600016	600025
1	600026	600070
1	600071	600135
1	600136	600222
1	600223	600240
1	600241	600265
1	600266	600338
1	600339	600421
1	600422	600716
1	600717	601230
1	601231	601324
1	601325	601399
1	601400	601453
1	601454	601470
1	601471	601484
1	601485	601894
1	601895	602020
1	602021	602040
1	602041	602301
1	602302	602318
1	602319	602348
1	602349	602355
1	602356	602371
1	602372	602393
1	602394	602426
1	602427	602437
1	602438	602464
1	602465	602490
1	602491	602564
1	602565	602596
1	602597	604632
1	604633	604796
1	604797	604805
1	604806	604823
1	604824	604866
1	604867	604901
1	604902	604935
1	604936	605413
1	605414	605431
1	605432	605472
1	605473	605492
1	605493	605562
1	605563	605570
1	605571	605605
1	605606	605614
1	605615	605659
1	605660	605675
1	605676	605684
1	605685	605696
1	605697	605718
1	605719	605746
1	605747	605766
1	605767	605802
1	605803	605833
1	605834	605857
1	605858	605894
1	605895	606995
1	606996	607109
1	607110	607139
1	607140	608310
1	608311	608334
1	608335	608375
1	608376	608780
1	608781	608793
1	608794	608844
1	608845	608921
1	608922	608948
1	608949	608960
1	608961	608979
1	608980	609038
1	609039	609051
1	609052	609062
1	609063	609146
1	609147	609237
1	609238	609247
1	609248	609356
1	609357	609373
1	609374	609513
1	609514	609539
1	609540	609568
1	609569	609624
1	609625	609658
1	609659	609678
1	609679	609704
1	609705	609739
1	609740	609763
1	609764	609872
1	609873	609962
1	609963	610069
1	610070	610099
1	610100	610149
1	610150	610273
1	610274	610287
1	610288	610498
1	610499	610622
1	610623	610644
1	610645	610655
1	610656	610671
1	610672	610741
1	610742	610937
1	610938	610955
1	610956	610971
1	610972	610997
1	610998	611015
1	611016	611066
1	611067	611128
1	611129	611279
1	611280	611286
1	611287	611296
1	611297	611307
1	611308	611338
1	611339	611348
1	611349	611441
1	611442	611449
1	611450	611499
1	611500	611509
1	611510	611518
1	611519	611581
1	611582	611592
1	611593	611609
1	611610	611655
1	611656	611667
1	611668	611712
1	611713	611794
1	611795	612007
1	612008	612064
1	612065	612125
1	612126	612183
1	612184	612196
1	612197	612213
1	612214	612249
1	612250	612274
1	612275	612321
1	612322	612335
1	612336	612411
1	612412	612711
1	612712	612725
1	612726	614636
1	614637	614905
1	614906	615027
1	615028	615039
1	615040	615060
1	615061	615074
1	615075	615091
1	615092	615098
1	615099	615126
1	615127	615173
1	615174	616641
1	616642	616680
1	616681	616724
1	616725	616763
1	616764	616916
1	616917	616934
1	616935	616954
1	616955	616971
1	616972	617296
1	617297	617372
1	617373	617396
1	617397	617500
1	617501	617514
1	617515	617663
1	617664	617676
1	617677	617829
1	617830	617840
1	617841	617856
1	617857	617877
1	617878	617885
1	617886	617901
1	617902	618038
1	618039	618086
1	618087	618132
1	618133	618319
1	618320	618337
1	618338	618408
1	618409	619068
1	619069	619097
1	619098	619110
1	619111	619119
1	619120	619138
1	619139	619177
1	619178	619189
1	619190	619230
1	619231	619310
1	619311	619339
1	619340	619378
1	619379	619395
1	619396	619404
1	619405	619417
1	619418	619424
1	619425	619446
1	619447	619472
1	619473	619483
1	619484	619498
1	619499	619511
1	619512	619533
1	619534	619554
1	619555	619578
1	619579	619607
1	619608	619629
1	619630	619742
1	619743	619793
1	619794	620068
1	620069	620096
1	620097	620120
1	620121	620201
1	620202	620314
1	620315	620693
1	620694	620718
1	620719	620739
1	620740	620758
1	620759	620781
1	620782	620828
1	620829	620880
1	620881	620925
1	620926	620935
1	620936	620971
1	620972	620988
1	620989	621022
1	621023	621036
1	621037	621055
1	621056	621070
1	621071	621086
1	621087	621101
1	621102	621247
1	621248	621262
1	621263	621291
1	621292	621345
1	621346	621363
1	621364	621378
1	621379	621391
1	621392	621405
1	621406	621889
1	621890	621908
1	621909	621995
1	621996	622087
1	622088	622105
1	622106	622113
1	622114	622124
1	622125	622254
1	622255	622348
1	622349	622456
1	622457	622617
1	622618	622626
1	622627	622672
1	622673	622690
1	622691	622746
1	622747	622890
1	622891	622910
1	622911	622931
1	622932	622951
1	622952	622973
1	622974	622996
1	622997	623006
1	623007	623024
1	623025	623051
1	623052	623062
1	623063	623123
1	623124	623133
1	623134	623171
1	623172	623199
1	623200	623210
1	623211	623225
1	623226	623242
1	623243	623310
1	623311	623320
1	623321	623361
1	623362	623372
1	623373	623501
1	623502	623656
1	623657	623768
1	623769	623846
1	623847	623857
1	623858	624013
1	624014	624030
1	624031	624056
1	624057	624073
1	624074	624104
1	624105	624126
1	624127	624321
1	624322	624342
1	624343	624349
1	624350	624358
1	624359	624368
1	624369	624388
1	624389	624397
1	624398	624459
1	624460	624500
1	624501	624639
1	624640	624648
1	624649	624700
1	624701	624730
1	624731	624965
1	624966	624975
1	624976	625024
1	625025	625031
1	625032	625045
1	625046	625057
1	625058	625069
1	625070	625083
1	625084	626547
1	626548	626557
1	626558	626837
1	626838	626849
1	626850	626863
1	626864	626902
1	626903	627553
1	627554	627626
1	627627	627643
1	627644	628231
1	628232	628378
1	628379	628392
1	628393	628474
1	628475	628517
1	628518	628527
1	628528	631389
1	631390	631414
1	631415	631486
1	631487	631534
1	631535	631542
1	631543	631749
1	631750	631841
1	631842	631915
1	631916	631926
1	631927	631963
1	631964	631993
1	631994	632060
1	632061	632104
1	632105	632138
1	632139	632261
1	632262	632268
1	632269	632278
1	632279	632357
1	632358	632408
1	632409	632481
1	632482	632495
1	632496	632505
1	632506	632523
1	632524	632724
1	632725	632863
1	632864	632965
1	632966	633310
1	633311	633339
1	633340	633365
1	633366	633409
1	633410	633416
1	633417	633452
1	633453	633472
1	633473	633482
1	633483	633516
1	633517	633540
1	633541	633584
1	633585	633600
1	633601	633792
1	633793	633836
1	633837	633892
1	633893	633942
1	633943	633950
1	633951	634136
1	634137	634188
1	634189	634205
1	634206	634260
1	634261	634330
1	634331	634510
1	634511	634535
1	634536	634560
1	634561	634837
1	634838	634874
1	634875	634900
1	634901	634916
1	634917	634978
1	634979	635013
1	635014	635201
1	635202	635224
1	635225	635267
1	635268	635508
1	635509	635517
1	635518	635557
1	635558	635596
1	635597	635633
1	635634	635678
1	635679	635713
1	635714	635732
1	635733	635748
1	635749	635756
1	635757	635796
1	635797	635846
1	635847	635856
1	635857	635911
1	635912	636026
1	636027	636056
1	636057	636162
1	636163	636217
1	636218	636235
1	636236	636248
1	636249	636296
1	636297	636337
1	636338	636374
1	636375	636432
1	636433	636814
1	636815	637200
1	637201	637228
1	637229	637437
1	637438	637577
1	637578	637591
1	637592	637611
1	637612	637667
1	637668	637687
1	637688	637765
1	637766	637974
1	637975	638001
1	638002	638037
1	638038	638065
1	638066	638079
1	638080	638571
1	638572	638594
1	638595	638608
1	638609	638621
1	638622	638811
1	638812	638862
1	638863	638886
1	638887	638898
1	638899	638967
1	638968	639032
1	639033	639060
1	639061	639084
1	639085	639094
1	639095	639310
1	639311	640826
1	640827	640834
1	640835	640863
1	640864	640964
1	640965	641009
1	641010	641026
1	641027	641052
1	641053	641101
1	641102	641296
1	641297	641357
1	641358	641393
1	641394	641455
1	641456	641487
1	641488	641495
1	641496	641504
1	641505	641532
1	641533	641570
1	641571	641585
1	641586	641605
1	641606	641707
1	641708	642267
1	642268	642322
1	642323	643018
1	643019	643025
1	643026	644298
1	644299	644360
1	644361	644408
1	644409	647436
1	647437	647482
1	647483	647576
1	647577	647639
1	647640	648819
1	648820	648870
1	648871	648941
1	648942	649037
1	649038	649049
1	649050	649088
1	649089	649182
1	649183	651163
1	651164	651177
1	651178	651200
1	651201	651905
1	651906	651943
1	651944	651955
1	651956	655122
1	655123	655212
1	655213	655233
1	655234	655325
1	655326	655344
1	655345	655351
1	655352	655376
1	655377	655471
1	655472	655501
1	655502	655541
1	655542	655569
1	655570	655587
1	655588	655739
1	655740	655782
1	655783	655795
1	655796	655866
1	655867	655924
1	655925	655937
1	655938	655972
1	655973	655983
1	655984	656290
1	656291	656315
1	656316	656326
1	656327	657082
1	657083	657182
1	657183	657250
1	657251	657358
1	657359	657723
1	657724	657746
1	657747	657844
1	657845	657912
1	657913	657960
1	657961	657968
1	657969	657994
1	657995	658004
1	658005	658916
1	658917	658934
1	658935	658986
1	658987	658996
1	658997	659021
1	659022	659188
1	659189	659244
1	659245	659479
1	659480	659487
1	659488	659782
1	659783	659793
1	659794	659812
1	659813	659835
1	659836	659863
1	659864	660051
1	660052	660068
1	660069	660078
1	660079	660166
1	660167	660189
1	660190	660209
1	660210	660222
1	660223	661335
1	661336	661344
1	661345	662013
1	662014	662044
1	662045	662118
1	662119	662137
1	662138	662159
1	662160	662167
1	662168	662181
1	662182	662188
1	662189	662203
1	662204	662279
1	662280	663668
1	663669	663704
1	663705	663769
1	663770	663777
1	663778	663793
1	663794	665491
1	665492	665561
1	665562	665575
1	665576	665601
1	665602	666443
1	666444	666467
1	666468	666511
1	666512	666591
1	666592	666671
1	666672	666906
1	666907	666929
1	666930	666988
1	666989	666998
1	666999	667041
1	667042	667056
1	667057	667099
1	667100	667196
1	667197	667244
1	667245	667260
1	667261	667289
1	667290	667614
1	667615	667655
1	667656	667667
1	667668	667686
1	667687	667694
1	667695	667718
1	667719	667726
1	667727	667852
1	667853	668384
1	668385	668402
1	668403	668413
1	668414	668442
1	668443	668465
1	668466	668484
1	668485	668651
1	668652	668742
1	668743	668795
1	668796	668827
1	668828	668913
1	668914	669055
1	669056	669128
1	669129	669168
1	669169	669193
1	669194	669201
1	669202	669273
1	669274	669296
1	669297	669830
1	669831	669895
1	669896	669956
1	669957	669967
1	669968	669974
1	669975	669987
1	669988	670023
1	670024	670044
1	670045	670077
1	670078	670105
1	670106	670121
1	670122	670132
1	670133	670189
1	670190	670233
1	670234	670240
1	670241	670261
1	670262	670447
1	670448	670456
1	670457	670463
1	670464	670512
1	670513	670527
1	670528	670540
1	670541	670671
1	670672	670701
1	670702	670742
1	670743	670808
1	670809	670817
1	670818	670960
1	670961	670998
1	670999	671039
1	671040	671063
1	671064	671097
1	671098	671109
1	671110	671128
1	671129	671192
1	671193	671209
1	671210	671246
1	671247	671256
1	671257	671460
1	671461	671482
1	671483	671820
1	671821	671836
1	671837	671849
1	671850	671882
1	671883	671915
1	671916	672038
1	672039	672074
1	672075	672249
1	672250	672382
1	672383	672440
1	672441	672463
1	672464	672504
1	672505	672539
1	672540	672609
1	672610	672620
1	672621	672864
1	672865	672908
1	672909	672922
1	672923	673179
1	673180	673189
1	673190	673199
1	673200	673207
1	673208	673233
1	673234	673257
1	673258	673272
1	673273	673286
1	673287	673309
1	673310	673328
1	673329	673344
1	673345	673791
1	673792	673815
1	673816	673912
1	673913	673926
1	673927	673958
1	673959	673993
1	673994	674013
1	674014	674020
1	674021	674030
1	674031	674037
1	674038	674140
1	674141	674155
1	674156	674167
1	674168	674194
1	674195	674240
1	674241	674281
1	674282	674445
1	674446	674544
1	674545	674620
1	674621	674666
1	674667	674674
1	674675	674968
1	674969	675004
1	675005	675021
1	675022	675042
1	675043	675062
1	675063	675087
1	675088	675101
1	675102	675141
1	675142	675162
1	675163	675202
1	675203	675377
1	675378	675423
1	675424	675461
1	675462	675476
1	675477	675509
1	675510	675524
1	675525	675609
1	675610	675658
1	675659	677004
1	677005	677026
1	677027	677146
1	677147	677162
1	677163	677170
1	677171	677252
1	677253	677306
1	677307	677333
1	677334	678428
1	678429	678557
1	678558	678588
1	678589	678652
1	678653	678742
1	678743	678752
1	678753	678764
1	678765	678796
1	678797	678886
1	678887	679889
1	679890	679896
1	679897	680085
1	680086	682983
1	682984	683009
1	683010	683028
1	683029	683074
1	683075	683081
1	683082	683115
1	683116	683129
1	683130	683152
1	683153	683187
1	683188	683228
1	683229	683260
1	683261	683688
1	683689	683718
1	683719	683751
1	683752	683763
1	683764	683788
1	683789	683807
1	683808	683818
1	683819	683833
1	683834	683873
1	683874	684123
1	684124	684193
1	684194	684202
1	684203	684277
1	684278	684465
1	684466	684488
1	684489	684549
1	684550	684625
1	684626	684670
1	684671	684679
1	684680	684686
1	684687	684705
1	684706	684717
1	684718	684810
1	684811	684818
1	684819	684826
1	684827	684854
1	684855	684960
1	684961	685051
1	685052	685071
1	685072	685092
1	685093	685244
1	685245	685261
1	685262	685277
1	685278	685367
1	685368	685392
1	685393	685408
1	685409	685542
1	685543	685550
1	685551	685565
1	685566	685610
1	685611	686267
1	686268	686384
1	686385	686400
1	686401	686563
1	686564	686682
1	686683	687114
1	687115	687132
1	687133	687289
1	687290	687362
1	687363	687404
1	687405	687668
1	687669	687756
1	687757	687842
1	687843	687873
1	687874	687881
1	687882	687953
1	687954	688135
1	688136	688146
1	688147	688179
1	688180	688199
1	688200	688210
1	688211	688226
1	688227	688245
1	688246	688344
1	688345	688368
1	688369	688382
1	688383	688396
1	688397	688411
1	688412	688420
1	688421	688442
1	688443	688459
1	688460	688514
1	688515	688531
1	688532	688605
1	688606	688698
1	688699	688717
1	688718	688758
1	688759	688780
1	688781	688788
1	688789	688797
1	688798	688837
1	688838	688999
1	689000	689052
1	689053	689085
1	689086	689190
1	689191	689230
1	689231	689242
1	689243	689252
1	689253	689265
1	689266	689350
1	689351	689406
1	689407	689414
1	689415	689444
1	689445	689539
1	689540	689566
1	689567	689685
1	689686	689732
1	689733	689750
1	689751	689763
1	689764	689785
1	689786	689805
1	689806	689868
1	689869	689917
1	689918	689925
1	689926	690040
1	690041	690115
1	690116	690131
1	690132	690142
1	690143	690157
1	690158	690184
1	690185	690194
1	690195	690391
1	690392	690409
1	690410	690467
1	690468	690491
1	690492	690499
1	690500	690525
1	690526	690548
1	690549	690566
1	690567	690600
1	690601	690639
1	690640	690649
1	690650	690760
1	690761	690775
1	690776	691079
1	691080	691118
1	691119	691132
1	691133	691171
1	691172	691287
1	691288	691295
1	691296	691335
1	691336	691345
1	691346	691363
1	691364	691946
1	691947	691965
1	691966	692013
1	692014	694697
1	694698	694923
1	694924	694955
1	694956	694986
1	694987	695031
1	695032	695042
1	695043	696918
1	696919	696954
1	696955	696994
1	696995	697012
1	697013	697026
1	697027	697044
1	697045	697113
1	697114	697353
1	697354	699692
1	699693	699726
1	699727	699753
1	699754	699776
1	699777	699814
1	699815	699876
1	699877	699902
1	699903	699918
1	699919	699990
1	699991	700029
1	700030	700048
1	700049	700129
1	700130	700144
1	700145	700158
1	700159	700186
1	700187	700407
1	700408	700741
1	700742	700862
1	700863	700881
1	700882	700908
1	700909	701141
1	701142	701307
1	701308	701365
1	701366	701889
1	701890	701941
1	701942	702259
1	702260	703973
1	703974	704165
1	704166	704216
1	704217	704252
1	704253	704332
1	704333	704534
1	704535	704752
1	704753	704765
1	704766	704774
1	704775	704781
1	704782	704794
1	704795	704858
1	704859	704958
1	704959	704977
1	704978	704988
1	704989	705078
1	705079	705104
1	705105	705120
1	705121	705138
1	705139	705368
1	705369	705390
1	705391	705400
1	705401	705432
1	705433	705450
1	705451	705831
1	705832	705898
1	705899	705909
1	705910	705925
1	705926	705940
1	705941	705970
1	705971	706110
1	706111	706173
1	706174	706187
1	706188	706218
1	706219	706231
1	706232	706261
1	706262	706308
1	706309	706318
1	706319	706390
1	706391	706421
1	706422	706444
1	706445	706470
1	706471	706497
1	706498	706578
1	706579	706881
1	706882	706915
1	706916	706944
1	706945	706994
1	706995	707026
1	707027	707035
1	707036	707077
1	707078	707133
1	707134	707191
1	707192	707221
1	707222	707368
1	707369	707551
1	707552	707562
1	707563	707587
1	707588	707606
1	707607	707618
1	707619	707663
1	707664	707749
1	707750	707784
1	707785	707882
1	707883	707894
1	707895	707913
1	707914	707959
1	707960	707977
1	707978	707991
1	707992	707999
1	708000	708048
1	708049	708062
1	708063	708212
1	708213	708227
1	708228	709403
1	709404	709433
1	709434	709448
1	709449	709480
1	709481	709496
1	709497	709592
1	709593	711258
1	711259	711299
1	711300	711321
1	711322	711390
1	711391	711446
1	711447	711461
1	711462	711496
1	711497	711556
1	711557	711569
1	711570	711645
1	711646	712595
1	712596	712605
1	712606	712810
1	712811	712817
1	712818	712889
1	712890	712929
1	712930	713691
1	713692	713742
1	713743	713760
1	713761	713796
1	713797	713813
1	713814	713831
1	713832	713838
1	713839	713845
1	713846	713852
1	713853	713897
1	713898	713914
1	713915	714084
1	714085	714147
1	714148	716775
1	716776	717074
1	717075	720194
1	720195	720242
1	720243	721964
1	721965	722008
1	722009	722026
1	722027	722033
1	722034	722044
1	722045	722065
1	722066	722122
1	722123	723586
1	723587	723783
1	723784	723794
1	723795	723830
1	723831	723841
1	723842	723853
1	723854	723861
1	723862	723875
1	723876	723888
1	723889	723903
1	723904	723911
1	723912	723929
1	723930	723947
1	723948	724147
1	724148	724162
1	724163	724497
1	724498	724574
1	724575	724616
1	724617	724641
1	724642	724728
1	724729	724739
1	724740	724770
1	724771	724782
1	724783	724869
1	724870	724881
1	724882	724908
1	724909	725017
1	725018	725417
1	725418	725477
1	725478	725503
1	725504	725591
1	725592	725859
1	725860	725987
1	725988	726011
1	726012	726223
1	726224	726242
1	726243	726260
1	726261	726405
1	726406	728592
1	728593	728617
1	728618	728626
1	728627	728648
1	728649	728786
1	728787	728830
1	728831	728859
1	728860	728882
1	728883	728912
1	728913	728924
1	728925	728932
1	728933	728949
1	728950	728970
1	728971	729010
1	729011	729039
1	729040	729089
1	729090	729096
1	729097	729136
1	729137	729406
1	729407	729432
1	729433	729451
1	729452	729498
1	729499	729587
1	729588	729617
1	729618	729696
1	729697	729762
1	729763	730159
1	730160	730325
1	730326	730382
1	730383	730406
1	730407	730501
1	730502	730512
1	730513	730525
1	730526	730633
1	730634	730671
1	730672	730684
1	730685	731037
1	731038	731052
1	731053	731129
1	731130	731222
1	731223	731252
1	731253	731266
1	731267	731295
1	731296	731306
1	731307	731319
1	731320	731367
1	731368	731401
1	731402	731425
1	731426	731432
1	731433	731512
1	731513	731537
1	731538	731585
1	731586	731593
1	731594	731717
1	731718	731740
1	731741	731751
1	731752	731762
1	731763	731780
1	731781	731787
1	731788	731798
1	731799	731942
1	731943	732048
1	732049	732076
1	732077	732096
1	732097	732124
1	732125	732179
1	732180	732190
1	732191	732238
1	732239	732247
1	732248	732254
1	732255	732265
1	732266	732323
1	732324	732332
1	732333	732349
1	732350	732361
1	732362	732370
1	732371	732562
1	732563	732625
1	732626	732658
1	732659	732680
1	732681	732781
1	732782	732808
1	732809	733041
1	733042	733137
1	733138	733235
1	733236	733256
1	733257	733333
1	733334	733343
1	733344	733373
1	733374	733476
1	733477	733515
1	733516	733553
1	733554	733605
1	733606	733624
1	733625	733697
1	733698	733746
1	733747	733804
1	733805	733972
1	733973	733979
1	733980	733995
1	733996	734002
1	734003	734023
1	734024	734045
1	734046	734073
1	734074	734151
1	734152	734191
1	734192	734198
1	734199	734636
1	734637	734663
1	734664	734683
1	734684	734730
1	734731	734756
1	734757	734778
1	734779	734786
1	734787	734808
1	734809	734821
1	734822	734966
1	734967	735567
1	735568	735611
1	735612	735682
1	735683	735713
1	735714	735729
1	735730	735750
1	735751	735760
1	735761	735816
1	735817	735823
1	735824	735867
1	735868	735893
1	735894	735950
1	735951	735969
1	735970	736010
1	736011	736257
1	736258	736426
1	736427	736460
1	736461	736470
1	736471	736479
1	736480	736505
1	736506	736540
1	736541	736581
1	736582	736614
1	736615	736713
1	736714	736799
1	736800	736812
1	736813	736846
1	736847	737561
1	737562	737630
1	737631	737677
1	737678	737817
1	737818	737824
1	737825	737835
1	737836	737867
1	737868	737921
1	737922	737933
1	737934	738008
1	738009	738033
1	738034	738058
1	738059	738098
1	738099	738132
1	738133	738217
1	738218	738238
1	738239	738330
1	738331	738341
1	738342	738363
1	738364	738384
1	738385	738407
1	738408	738433
1	738434	738979
1	738980	739000
1	739001	739028
1	739029	739052
1	739053	739085
1	739086	739109
1	739110	739143
1	739144	739157
1	739158	739168
1	739169	739288
1	739289	739333
1	739334	739675
1	739676	739684
1	739685	739889
1	739890	739956
1	739957	739986
1	739987	740118
1	740119	740133
1	740134	740248
1	740249	740255
1	740256	740485
1	740486	740646
1	740647	743687
1	743688	743714
1	743715	743844
1	743845	743870
1	743871	743879
1	743880	743979
1	743980	743994
1	743995	744008
1	744009	744023
1	744024	744336
1	744337	744355
1	744356	744388
1	744389	744402
1	744403	744409
1	744410	744440
1	744441	744463
1	744464	744504
1	744505	744515
1	744516	744667
1	744668	744679
1	744680	744783
1	744784	744849
1	744850	744965
1	744966	744975
1	744976	745090
1	745091	745264
1	745265	745271
1	745272	745401
1	745402	745411
1	745412	745499
1	745500	745511
1	745512	745821
1	745822	745830
1	745831	745854
1	745855	745867
1	745868	745886
1	745887	745901
1	745902	745915
1	745916	745932
1	745933	745942
1	745943	745960
1	745961	745977
1	745978	745989
1	745990	746020
1	746021	746044
1	746045	746065
1	746066	746112
1	746113	746133
1	746134	746149
1	746150	746173
1	746174	746433
1	746434	746447
1	746448	746558
1	746559	746582
1	746583	746619
1	746620	746639
1	746640	746657
1	746658	746690
1	746691	746785
1	746786	746831
1	746832	746938
1	746939	746996
1	746997	747023
1	747024	747031
1	747032	747059
1	747060	747076
1	747077	747090
1	747091	747128
1	747129	750348
1	750349	750518
1	750519	754001
1	754002	754924
1	754925	754966
1	754967	755033
1	755034	757632
1	757633	757639
1	757640	757664
1	757665	757687
1	757688	757750
1	757751	757794
1	757795	757825
1	757826	757849
1	757850	757910
1	757911	757940
1	757941	758063
1	758064	758104
1	758105	758138
1	758139	758152
1	758153	758183
1	758184	758219
1	758220	758255
1	758256	758323
1	758324	758339
1	758340	758391
1	758392	758403
1	758404	758417
1	758418	758435
1	758436	758456
1	758457	758582
1	758583	759661
1	759662	759994
1	759995	762066
1	762067	762149
1	762150	762177
1	762178	762187
1	762188	762196
1	762197	764403
1	764404	764417
1	764418	764427
1	764428	764437
1	764438	764460
1	764461	764482
1	764483	764492
1	764493	764794
1	764795	764863
1	764864	764953
1	764954	765347
1	765348	765394
1	765395	765566
1	765567	765580
1	765581	765606
1	765607	765619
1	765620	765635
1	765636	765644
1	765645	765823
1	765824	765839
1	765840	765847
1	765848	765864
1	765865	765990
1	765991	766039
1	766040	766241
1	766242	766257
1	766258	766283
1	766284	766298
1	766299	766767
1	766768	766780
1	766781	766789
1	766790	766817
1	766818	767102
1	767103	767122
1	767123	767147
1	767148	767165
1	767166	767175
1	767176	767212
1	767213	767221
1	767222	767272
1	767273	767297
1	767298	767320
1	767321	767362
1	767363	767404
1	767405	767437
1	767438	767490
1	767491	767626
1	767627	767646
1	767647	767660
1	767661	767670
1	767671	767698
1	767699	767734
1	767735	767783
1	767784	767967
1	767968	767976
1	767977	767985
1	767986	768028
1	768029	768076
1	768077	768101
1	768102	768122
1	768123	768207
1	768208	768303
1	768304	768327
1	768328	768392
1	768393	768406
1	768407	768532
1	768533	768684
1	768685	768760
1	768761	768767
1	768768	768781
1	768782	769183
1	769184	769202
1	769203	769385
1	769386	769433
1	769434	769502
1	769503	769586
1	769587	769623
1	769624	769854
1	769855	769955
1	769956	769993
1	769994	770022
1	770023	770037
1	770038	770064
1	770065	770133
1	770134	770161
1	770162	770176
1	770177	770312
1	770313	770325
1	770326	770384
1	770385	770481
1	770482	770491
1	770492	770599
1	770600	770610
1	770611	770771
1	770772	770802
1	770803	774239
1	774240	774448
1	774449	774957
1	774958	774976
1	774977	774994
1	774995	775002
1	775003	775029
1	775030	775043
1	775044	775060
1	775061	775075
1	775076	775083
1	775084	775117
1	775118	775144
1	775145	775156
1	775157	775170
1	775171	775203
1	775204	775232
1	775233	776559
1	776560	776569
1	776570	776579
1	776580	776591
1	776592	776599
1	776600	776656
1	776657	776672
1	776673	776703
1	776704	776712
1	776713	776751
1	776752	776759
1	776760	776773
1	776774	776851
1	776852	776890
1	776891	776914
1	776915	776989
1	776990	777019
1	777020	777049
1	777050	777265
1	777266	777308
1	777309	777319
1	777320	777430
1	777431	777447
1	777448	777483
1	777484	777499
1	777500	778289
1	778290	778308
1	778309	778327
1	778328	778335
1	778336	778342
1	778343	778362
1	778363	778377
1	778378	778437
1	778438	778494
1	778495	778636
1	778637	778693
1	778694	778708
1	778709	781008
1	781009	781241
1	781242	782513
1	782514	782540
1	782541	782951
1	782952	782964
1	782965	783018
1	783019	784440
1	784441	784501
1	784502	784629
1	784630	784654
1	784655	784669
1	784670	784682
1	784683	784690
1	784691	784973
1	784974	785017
1	785018	785080
1	785081	786281
1	786282	786295
1	786296	786547
1	786548	786581
1	786582	786743
1	786744	786754
1	786755	786807
1	786808	786867
1	786868	786960
1	786961	787013
1	787014	787027
1	787028	787235
1	787236	787475
1	787476	787508
1	787509	787572
1	787573	787660
1	787661	787669
1	787670	787847
1	787848	790800
1	790801	790926
1	790927	790948
1	790949	794560
1	794561	794587
1	794588	794692
1	794693	794737
1	794738	794747
1	794748	794756
1	794757	794768
1	794769	794787
1	794788	794805
1	794806	794821
1	794822	794843
1	794844	794898
1	794899	794931
1	794932	794959
1	794960	794975
1	794976	795103
1	795104	795138
1	795139	795168
1	795169	795176
1	795177	795186
1	795187	795207
1	795208	795258
1	795259	795285
1	795286	796925
1	796926	797572
1	797573	797641
1	797642	799334
1	799335	799379
1	799380	799487
1	799488	799989
1	799990	800004
1	800005	800029
1	800030	800051
1	800052	800498
1	800499	803772
1	803773	803787
1	803788	803802
1	803803	803821
1	803822	803829
1	803830	803848
1	803849	803860
1	803861	803984
1	803985	804022
1	804023	804143
1	804144	804235
1	804236	804245
1	804246	804280
1	804281	804315
1	804316	804608
1	804609	805079
1	805080	805298
1	805299	805345
1	805346	805358
1	805359	805368
1	805369	805553
1	805554	805568
1	805569	805596
1	805597	805607
1	805608	805622
1	805623	805838
1	805839	805868
1	805869	805888
1	805889	805899
1	805900	805915
1	805916	805999
1	806000	806068
1	806069	806076
1	806077	806168
1	806169	806213
1	806214	806226
1	806227	806252
1	806253	806530
1	806531	806546
1	806547	806567
1	806568	806582
1	806583	806611
1	806612	806634
1	806635	806892
1	806893	807057
1	807058	807072
1	807073	807082
1	807083	807092
1	807093	807132
1	807133	807214
1	807215	807279
1	807280	807409
1	807410	807600
1	807601	807665
1	807666	807687
1	807688	807923
1	807924	807933
1	807934	807959
1	807960	807975
1	807976	807989
1	807990	809646
1	809647	809740
1	809741	809802
1	809803	809837
1	809838	809856
1	809857	809864
1	809865	809947
1	809948	811087
1	811088	811115
1	811116	811140
1	811141	811169
1	811170	813193
1	813194	813458
1	813459	813466
1	813467	813497
1	813498	814323
1	814324	814334
1	814335	814358
1	814359	814877
1	814878	814909
1	814910	814919
1	814920	818755
1	818756	818766
1	818767	827764
