 49    0.211198 
 19   0.0997299 
 15   0.0943971 
  4   0.0502948 
 18   0.0400523 
  1   0.0345064 
 58   0.0345054 
 16   0.0338728 
 39   0.0278481 
 38   0.0224242 
 73   0.0220922 
 32   0.0187097 
  5   0.0184128 
 47   0.0184033 
  8   0.0183986 
 20   0.0180243 
 88   0.0176778 
 42   0.0174603 
 46   0.0145692 
 11   0.0141354 
  9   0.0141324 
 40   0.0115029 
 75   0.0114143 
 82   0.0101612 
 28  0.00968927 
 63  0.00958553 
 13  0.00939681 
 52  0.00939681 
 35   0.0088553 
 31  0.00885062 
 33  0.00799851 
 71  0.00768712 
 12  0.00601169 
 37  0.00581422 
 53  0.00573375 
 25  0.00547414 
 17  0.00503582 
 10  0.00503582 
 30  0.00488828 
 76   0.0038563 
 23  0.00286917 
 87  0.00235107 
 69  0.00185239 
 14  0.00151848 
 74  0.00107145 
 60  0.00085525 
 54 0.000555058 
 45 0.000535392 
 86 0.000388701 
 84 0.000388657 
 72  0.00015301 
 59  0.00012296 
 80 0.000105013 
 29           0 
  0           0 
 70           0 
 27           0 
  2           0 
 26           0 
 24           0 
 77           0 
 78           0 
 79           0 
 81           0 
 22           0 
 83           0 
 85           0 
 21           0 
 44           0 
 56           0 
 43           0 
  7           0 
 48           0 
  6           0 
 50           0 
 51           0 
 41           0 
 36           0 
 55           0 
 68           0 
 57           0 
  3           0 
 61           0 
 62           0 
 34           0 
 64           0 
 65           0 
 66           0 
 67           0 
