  0           0 
  1   0.0345064 
  2           0 
  3           0 
  4   0.0502948 
  5   0.0184128 
  6           0 
  7           0 
  8   0.0183986 
  9   0.0141324 
 10  0.00503582 
 11   0.0141354 
 12  0.00601169 
 13  0.00939681 
 14  0.00151848 
 15   0.0943971 
 16   0.0338728 
 17  0.00503582 
 18   0.0400523 
 19   0.0997299 
 20   0.0180243 
 21           0 
 22           0 
 23  0.00286917 
 24           0 
 25  0.00547414 
 26           0 
 27           0 
 28  0.00968927 
 29           0 
 30  0.00488828 
 31  0.00885062 
 32   0.0187097 
 33  0.00799851 
 34           0 
 35   0.0088553 
 36           0 
 37  0.00581422 
 38   0.0224242 
 39   0.0278481 
 40   0.0115029 
 41           0 
 42   0.0174603 
 43           0 
 44           0 
 45 0.000535392 
 46   0.0145692 
 47   0.0184033 
 48           0 
 49    0.211198 
 50           0 
 51           0 
 52  0.00939681 
 53  0.00573375 
 54 0.000555058 
 55           0 
 56           0 
 57           0 
 58   0.0345054 
 59  0.00012296 
 60  0.00085525 
 61           0 
 62           0 
 63  0.00958553 
 64           0 
 65           0 
 66           0 
 67           0 
 68           0 
 69  0.00185239 
 70           0 
 71  0.00768712 
 72  0.00015301 
 73   0.0220922 
 74  0.00107145 
 75   0.0114143 
 76   0.0038563 
 77           0 
 78           0 
 79           0 
 80 0.000105013 
 81           0 
 82   0.0101612 
 83           0 
 84 0.000388657 
 85           0 
 86 0.000388701 
 87  0.00235107 
 88   0.0176778 
