265
5151
5165
5768
6013
6025
6040
6073
6074
6108
6177
6180
6188
6195
6209
6216
6243
6940
6961
6987
7008
7013
7028
7031
7036
7062
7067
7071
7077
7103
7106
7125
7126
7165
7203
7209
7218
7244
7268
7273
7276
7282
7287
7296
7333
7353
7384
7394
7404
7521
8240
8311
8312
8357
8376
9057
9058
9323
9371
9394
9427
9481
9507
9510
9512
9517
9521
9522
9523
9524
9526
9527
9528
9529
9534
9535
9539
9544
9547
9548
9560
9562
9574
9577
9579
9584
9586
9587
9591
9595
9596
9597
9598
9602
9612
9619
9625
9629
9632
9634
9640
9643
9649
9657
9659
9697
9698
9699
9713
9716
9719
9723
9726
9736
9737
9739
9741
9743
9748
9749
9761
9766
9769
9774
9775
9779
9781
9782
9784
9803
9804
9813
9814
9820
9857
9920
9921
9925
9933
9941
9944
9965
9966
9977
9978
9985
10011
10013
10014
100001
100002
