  0   0.0271288 
  1   0.0272938 
  2           0 
  3   0.0395737 
  4   0.0578951 
  5  0.00193927 
  6  0.00639966 
  7   0.0142409 
  8  0.00081384 
  9 0.000350149 
 10   0.0322885 
 11 0.000350149 
 12  0.00146193 
 13 0.000826121 
 14  0.00028338 
 15    0.105491 
 16   0.0938146 
 17   0.0322885 
 18   0.0551865 
 19   0.0374261 
 20   0.0255358 
 21           0 
 22           0 
 23  0.00134414 
 24           0 
 25 0.000614681 
 26 0.000302302 
 27    0.013372 
 28   0.0423812 
 29  0.00200562 
 30 0.000525765 
 31  0.00168101 
 32   0.0358268 
 33  0.00250159 
 34   0.0218018 
 35  0.00168121 
 36   0.0218163 
 37 0.000342086 
 38   0.0340353 
 39   0.0371007 
 40  0.00035511 
 41           0 
 42 0.000435078 
 43           0 
 44           0 
 45   0.0235015 
 46   0.0107149 
 47 0.000813947 
 48           0 
 49   0.0423474 
 50           0 
 51           0 
 52 0.000824671 
 53  0.00998535 
 54  0.00114376 
 55           0 
 56           0 
 57           0 
 58   0.0252248 
 59           0 
 60  0.00334764 
 61           0 
 62           0 
 63 0.000293467 
 64   0.0218002 
 65           0 
 66           0 
 67           0 
 68           0 
 69 0.000196646 
 70           0 
 71  0.00171831 
 72  0.00271595 
 73   0.0178419 
 74 0.000435564 
 75  0.00239901 
 76 0.000176123 
 77           0 
 78           0 
 79           0 
 80           0 
 81           0 
 82   0.0542916 
 83           0 
 84           0 
 85           0 
 86   0.0010198 
 87           0 
 88 0.000496778 
