 15    0.105491 
 16   0.0938146 
  4   0.0578951 
 18   0.0551865 
 82   0.0542916 
 28   0.0423812 
 49   0.0423474 
  3   0.0395737 
 19   0.0374261 
 39   0.0371007 
 32   0.0358268 
 38   0.0340353 
 10   0.0322885 
 17   0.0322885 
  1   0.0272938 
  0   0.0271288 
 20   0.0255358 
 58   0.0252248 
 45   0.0235015 
 36   0.0218163 
 34   0.0218018 
 64   0.0218002 
 73   0.0178419 
  7   0.0142409 
 27    0.013372 
 46   0.0107149 
 53  0.00998535 
  6  0.00639966 
 60  0.00334764 
 72  0.00271595 
 33  0.00250159 
 75  0.00239901 
 29  0.00200562 
  5  0.00193927 
 71  0.00171831 
 35  0.00168121 
 31  0.00168101 
 12  0.00146193 
 23  0.00134414 
 54  0.00114376 
 86   0.0010198 
 13 0.000826121 
 52 0.000824671 
 47 0.000813947 
  8  0.00081384 
 25 0.000614681 
 30 0.000525765 
 88 0.000496778 
 74 0.000435564 
 42 0.000435078 
 40  0.00035511 
 11 0.000350149 
  9 0.000350149 
 37 0.000342086 
 26 0.000302302 
 63 0.000293467 
 14  0.00028338 
 69 0.000196646 
 76 0.000176123 
 22           0 
 68           0 
 21           0 
 77           0 
 78           0 
 79           0 
 80           0 
 81           0 
 83           0 
 84           0 
 85           0 
 87           0 
  2           0 
 59           0 
 44           0 
 50           0 
 51           0 
 43           0 
 41           0 
 55           0 
 56           0 
 57           0 
 24           0 
 61           0 
 62           0 
 65           0 
 66           0 
 67           0 
 48           0 
 70           0 
